0.000000000000000000e+00 1.175117015449950770e+02 1.328269550957184322e+02 1.288720295486961049e+02 1.267241097818406388e+02 1.482497892072700267e+02 1.331315139251409505e+02 1.314572173750836726e+02 1.323971298782568056e+02 1.307899078675415296e+02 1.255308726967195128e+02 1.195366052721926735e+02 1.355285947687793282e+02 1.378187215148943494e+02 1.236163419617325445e+02 1.377279927973975759e+02 1.259285511708921348e+02 1.297574660665042359e+02 1.285612694399055727e+02 1.450723957202058614e+02 1.397211508684351031e+02 1.429090619939827320e+02 1.440208318265104310e+02 1.345139397980744604e+02 1.316130692598573262e+02 1.390934937371263231e+02 1.432131278898690994e+02 1.504792344478134396e+02 1.489160837518902838e+02 1.511687798455752443e+02 1.256702033100925604e+02 1.421900137140439142e+02 1.377171013345837025e+02 1.415026501518611042e+02 1.443571958719065833e+02 1.595148895871479340e+02 1.389064433350735612e+02 1.500466594096649544e+02 1.289961239727767861e+02
1.175117015449950770e+02 0.000000000000000000e+00 1.437149957380926821e+02 1.412267680009707078e+02 1.393484840247643319e+02 1.529084693534011024e+02 1.435374515588179065e+02 1.427865539888122726e+02 1.434015341619468131e+02 1.432515270424717073e+02 1.346662541247806359e+02 1.274205634895718049e+02 1.461608702765552152e+02 1.474889826393822432e+02 1.382389236069204799e+02 1.458698049631931326e+02 1.402533422061663373e+02 1.402141219706488755e+02 1.397962803510880292e+02 1.522859153040753029e+02 1.478208375027012096e+02 1.500866416440850344e+02 1.512977197448791742e+02 1.451034114002837612e+02 1.427059914649696850e+02 1.480337799287716507e+02 1.510397298726398105e+02 1.545994825347096651e+02 1.527645246776881720e+02 1.555409913816933454e+02 1.389460326889544604e+02 1.488992948270743284e+02 1.469319570413461804e+02 1.497865147468222631e+02 1.523023309079673879e+02 1.611458966278694902e+02 1.470918080655751510e+02 1.544117871148443157e+02 1.405951635014519354e+02
1.328269550957184322e+02 1.437149957380926821e+02 0.000000000000000000e+00 1.187728925302402558e+02 1.167304587500623114e+02 1.490067112582517268e+02 1.344581719346206228e+02 1.328382475042485567e+02 1.324764129949176947e+02 1.280039061903971742e+02 1.492213121507782603e+02 1.455403724057348995e+02 1.367442869007696515e+02 1.394381583355144585e+02 1.397426205565073758e+02 1.487279395406256413e+02 1.406804890523202687e+02 1.307669683062202068e+02 1.290620006043606907e+02 1.447238750172202799e+02 1.399607087721407481e+02 1.474923726841493306e+02 1.489664391733923310e+02 1.411913595090011029e+02 1.335177890769615772e+02 1.395922633959346513e+02 1.441214765397579356e+02 1.538993177372791479e+02 1.525221295419127046e+02 1.540811474515944894e+02 1.279062156425558499e+02 1.425096487961429261e+02 1.428810694248891764e+02 1.454922678357856967e+02 1.414213562373095101e+02 1.556663097783203682e+02 1.389316378655344408e+02 1.485159924048585367e+02 1.305335205991165992e+02
1.288720295486961049e+02 1.412267680009707078e+02 1.187728925302402558e+02 0.000000000000000000e+00 1.108738021355811583e+02 1.466015006744474078e+02 1.307440247200613044e+02 1.296957979273037154e+02 1.291007358615743783e+02 1.244668630600128836e+02 1.467651184716586670e+02 1.431328054640165419e+02 1.336038921588738617e+02 1.362130683891967919e+02 1.363634848484006739e+02 1.471427877947132004e+02 1.380434714138991694e+02 1.276362017610991160e+02 1.260634760745553962e+02 1.423587018766327503e+02 1.377388833989879515e+02 1.451240848377690895e+02 1.457326318982814541e+02 1.385640646055101968e+02 1.295762323885055594e+02 1.381267533825362932e+02 1.404991103174678528e+02 1.522891985664117840e+02 1.502398083065869798e+02 1.520789268768030240e+02 1.242376754450919378e+02 1.398499195566447213e+02 1.402141219706488755e+02 1.433631751880516845e+02 1.390575420464492424e+02 1.548450838741740654e+02 1.360771839802690693e+02 1.471597771131772276e+02 1.276949489995591023e+02
1.267241097818406388e+02 1.393484840247643319e+02 1.167304587500623114e+02 1.108738021355811583e+02 0.000000000000000000e+00 1.458046638485888877e+02 1.288293444833124965e+02 1.278358322224250259e+02 1.269724379540693917e+02 1.212724206074901474e+02 1.459486210966037163e+02 1.420352069030773805e+02 1.318218494787567465e+02 1.345250905965128823e+02 1.347070896426761806e+02 1.452996902956093663e+02 1.367296602789606936e+02 1.256025477448606580e+02 1.230081298126266063e+02 1.408154821033539577e+02 1.358270959713119908e+02 1.436871601779365619e+02 1.451654228802437672e+02 1.363488173766094746e+02 1.273302791954843656e+02 1.354178717895093769e+02 1.392659326612219388e+02 1.513770127859577030e+02 1.482868841131945885e+02 1.511720873706518660e+02 1.209380006449585778e+02 1.382714721119291426e+02 1.386542462386204875e+02 1.420563268566380941e+02 1.374918179383776931e+02 1.547772593115668371e+02 1.339104178172856052e+02 1.461882348207269331e+02 1.247998397434868565e+02
1.482497892072700267e+02 1.529084693534011024e+02 1.490067112582517268e+02 1.466015006744474078e+02 1.458046638485888877e+02 0.000000000000000000e+00 1.223846395590557705e+02 1.214701609449826947e+02 1.401178075763391462e+02 1.466015006744474078e+02 1.572958995015445396e+02 1.552578500430815609e+02 1.297459055230645788e+02 1.331315139251409505e+02 1.524827859136892982e+02 1.563553644746479563e+02 1.531404584033886067e+02 1.450758422343292864e+02 1.439235908390281793e+02 1.414001414426449514e+02 1.381955136753722684e+02 1.572482114365692780e+02 1.588143570336133052e+02 1.535838533179839089e+02 1.222047462253410259e+02 1.360036764208967952e+02 1.376735268670051937e+02 1.603558542741735948e+02 1.592482338991550535e+02 1.605490579231158108e+02 1.177921898938974579e+02 1.318104699938513988e+02 1.559166443969340889e+02 1.573308615625046514e+02 1.520032894380907749e+02 1.591320206620904969e+02 1.279335765153151669e+02 1.369525465261599209e+02 1.209545369136685196e+02
1.331315139251409505e+02 1.435374515588179065e+02 1.344581719346206228e+02 1.307440247200613044e+02 1.288293444833124965e+02 1.223846395590557705e+02 0.000000000000000000e+00 9.080198235721508127e+01 1.221924711264978072e+02 1.290581264392134244e+02 1.493653239543904192e+02 1.462634609189868797e+02 1.080277742064511841e+02 1.124455423749647736e+02 1.393520721051538658e+02 1.489731519435632947e+02 1.415697707845852165e+02 1.304568894309533960e+02 1.289108218886219106e+02 1.285690475970013438e+02 1.210784869413224811e+02 1.484351710343609909e+02 1.500733154161658547e+02 1.418097316829843066e+02 9.701546268507922832e+01 1.184778460303866296e+02 1.219098027231608654e+02 1.547191003076219999e+02 1.535122144977395635e+02 1.549903222785216315e+02 8.612200647918045604e+01 1.133137237937223603e+02 1.442428507760436673e+02 1.474482960227075807e+02 1.433631751880516845e+02 1.575150786432841699e+02 1.064095860343418565e+02 1.263091445620624853e+02 9.282241108697834875e+01
1.314572173750836726e+02 1.427865539888122726e+02 1.328382475042485567e+02 1.296957979273037154e+02 1.278358322224250259e+02 1.214701609449826947e+02 9.080198235721508127e+01 0.000000000000000000e+00 1.200000000000000000e+02 1.285029182548007327e+02 1.485631178994302104e+02 1.449620640029659739e+02 1.062402936742929001e+02 1.102950588195137556e+02 1.378549962823255726e+02 1.476482306023339959e+02 1.395815174011229942e+02 1.289185789558665647e+02 1.275264678409937034e+02 1.266688596301395648e+02 1.205114102481586542e+02 1.470986063836092228e+02 1.492414151634860389e+02 1.404741969188647772e+02 9.353608929178085418e+01 1.152649122673504678e+02 1.200291631229677449e+02 1.542951716678133778e+02 1.523318745371434204e+02 1.542886904474854930e+02 8.272847151978574232e+01 1.107925990308016964e+02 1.431817027416562098e+02 1.462668793678186034e+02 1.420492872210205917e+02 1.576388277043444646e+02 1.051189802081431850e+02 1.246394801016114684e+02 8.964931678490360412e+01
1.323971298782568056e+02 1.434015341619468131e+02 1.324764129949176947e+02 1.291007358615743783e+02 1.269724379540693917e+02 1.401178075763391462e+02 1.221924711264978072e+02 1.200000000000000000e+02 0.000000000000000000e+00 1.281054253339802926e+02 1.495158854436544402e+02 1.453203358102368270e+02 1.249839989758689001e+02 1.279960936903935362e+02 1.385857135494131569e+02 1.486808662874951210e+02 1.408580846100073813e+02 1.280781011726829206e+02 1.268581885413787518e+02 1.328118970574548996e+02 1.275499901999212256e+02 1.480743056711730787e+02 1.491140503104922175e+02 1.416721567563647852e+02 1.202622135169646640e+02 1.271613148720946498e+02 1.305028735315816846e+02 1.543858801833898156e+02 1.532155344604456104e+02 1.549161063285544913e+02 1.135517503167608595e+02 1.320946630261798305e+02 1.439479072442527752e+02 1.468536686637415869e+02 1.412515486640766085e+02 1.565630863262474008e+02 1.283277055043064365e+02 1.414178206592083029e+02 1.173413822996814702e+02
1.307899078675415296e+02 1.432515270424717073e+02 1.280039061903971742e+02 1.244668630600128836e+02 1.212724206074901474e+02 1.466015006744474078e+02 1.290581264392134244e+02 1.285029182548007327e+02 1.281054253339802926e+02 0.000000000000000000e+00 1.494121815649580753e+02 1.454682095854623469e+02 1.326423763357698533e+02 1.349888884316038684e+02 1.376263056250512022e+02 1.482261785245777617e+02 1.395922633959346513e+02 1.283082226515510627e+02 1.264199351368287978e+02 1.414849815351438735e+02 1.352553141285029028e+02 1.473736747183838247e+02 1.490972836774701307e+02 1.403780609639554768e+02 1.277575829452013352e+02 1.360992285062630458e+02 1.401570547635758430e+02 1.550225790006088005e+02 1.530686120666154011e+02 1.545315501766548607e+02 1.211651765153668237e+02 1.394202280876057216e+02 1.429965034537558211e+02 1.462771342349856241e+02 1.235273249123447954e+02 1.455850267026111453e+02 1.350518418978430759e+02 1.472209224261279985e+02 1.248919533036456215e+02
1.255308726967195128e+02 1.346662541247806359e+02 1.492213121507782603e+02 1.467651184716586670e+02 1.459486210966037163e+02 1.572958995015445396e+02 1.493653239543904192e+02 1.485631178994302104e+02 1.495158854436544402e+02 1.494121815649580753e+02 0.000000000000000000e+00 1.331728200497383909e+02 1.521578128128818719e+02 1.524073489041784910e+02 1.447307845622347315e+02 1.513373714586057019e+02 1.452446212429224488e+02 1.466731059192516113e+02 1.462053350599765338e+02 1.548095604282887905e+02 1.529836592581050922e+02 1.546706177656247689e+02 1.552997102379782177e+02 1.511555490215294810e+02 1.491039905569264192e+02 1.521413816159167141e+02 1.541168387944678670e+02 1.571496102445055385e+02 1.570732313285748774e+02 1.586568624421900040e+02 1.461813941649209880e+02 1.535447817413538871e+02 1.519868415357066453e+02 1.537888162383728172e+02 1.549161063285544913e+02 1.632819647113544477e+02 1.515618685553856722e+02 1.575182529105754270e+02 1.481148203253138433e+02
1.195366052721926735e+02 1.274205634895718049e+02 1.455403724057348995e+02 1.431328054640165419e+02 1.420352069030773805e+02 1.552578500430815609e+02 1.462634609189868797e+02 1.449620640029659739e+02 1.453203358102368270e+02 1.454682095854623469e+02 1.331728200497383909e+02 0.000000000000000000e+00 1.489597261007148745e+02 1.497831766254141144e+02 1.395922633959346513e+02 1.471733671558818344e+02 1.409077712548175896e+02 1.422322045107928545e+02 1.428600713985541972e+02 1.530065358081150748e+02 1.502697574364183311e+02 1.519276143431469848e+02 1.531502530197060992e+02 1.464615990626894586e+02 1.448689062566567429e+02 1.494657151322670359e+02 1.517596784393008704e+02 1.565407295242998487e+02 1.550709515028524095e+02 1.564001278771855823e+02 1.416333294108417249e+02 1.512117720285031339e+02 1.488522757635905407e+02 1.510033112219728650e+02 1.535708305636197224e+02 1.621172415260018056e+02 1.490704531421300771e+02 1.557658499158271752e+02 1.432166191473601202e+02
1.355285947687793282e+02 1.461608702765552152e+02 1.367442869007696515e+02 1.336038921588738617e+02 1.318218494787567465e+02 1.297459055230645788e+02 1.080277742064511841e+02 1.062402936742929001e+02 1.249839989758689001e+02 1.326423763357698533e+02 1.521578128128818719e+02 1.489597261007148745e+02 0.000000000000000000e+00 9.188035698668132056e+01 1.417991537351334159e+02 1.510463505020892683e+02 1.436662799685437619e+02 1.330075185844770260e+02 1.309503722789668245e+02 1.299923074647111605e+02 1.224173190361559875e+02 1.497898527938391453e+02 1.509370729807624230e+02 1.432968945930092275e+02 1.068550419961547675e+02 1.182412787481596865e+02 1.234503948960877153e+02 1.559358842601663753e+02 1.546544535407888077e+02 1.559871789603235186e+02 9.841239759298622403e+01 1.215976973466191851e+02 1.452515060162888574e+02 1.481249472573745720e+02 1.454132043522870674e+02 1.598092613085987637e+02 1.159612004077225862e+02 1.323933533074829256e+02 1.029465880930494990e+02
1.378187215148943494e+02 1.474889826393822432e+02 1.394381583355144585e+02 1.362130683891967919e+02 1.345250905965128823e+02 1.331315139251409505e+02 1.124455423749647736e+02 1.102950588195137556e+02 1.279960936903935362e+02 1.349888884316038684e+02 1.524073489041784910e+02 1.497831766254141144e+02 9.188035698668132056e+01 0.000000000000000000e+00 1.437602170282168288e+02 1.533003587732266340e+02 1.454716467219643334e+02 1.354806259211995325e+02 1.335739495560418106e+02 1.315294643796590606e+02 1.255388386118017223e+02 1.503562436349086227e+02 1.516443206981388983e+02 1.452583904633395093e+02 1.105893304075940193e+02 1.222006546627308410e+02 1.265385316810654359e+02 1.565119803721107985e+02 1.551902058765307402e+02 1.563585622855365216e+02 1.038604833418369964e+02 1.243462906563762402e+02 1.469489707347418062e+02 1.498966310495335961e+02 1.460582075749254045e+02 1.589937105674309237e+02 1.193189004307364485e+02 1.342609399639374033e+02 1.077868266533531454e+02
1.236163419617325445e+02 1.382389236069204799e+02 1.397426205565073758e+02 1.363634848484006739e+02 1.347070896426761806e+02 1.524827859136892982e+02 1.393520721051538658e+02 1.378549962823255726e+02 1.385857135494131569e+02 1.376263056250512022e+02 1.447307845622347315e+02 1.395922633959346513e+02 1.417991537351334159e+02 1.437602170282168288e+02 0.000000000000000000e+00 1.131194059390341806e+02 9.519978991573458416e+01 1.363231455036157911e+02 1.347033778344106736e+02 1.502298239365273389e+02 1.454750837772571970e+02 1.472684623400407418e+02 1.504958471187826490e+02 1.421302219797042312e+02 1.379673874508030167e+02 1.447895023819061180e+02 1.474415138283651743e+02 1.559903843190342343e+02 1.539318030817543672e+02 1.561761825631552654e+02 1.322648857406983893e+02 1.465639792036228926e+02 1.446616742610149799e+02 1.469217478796110754e+02 1.488153217918101348e+02 1.627083279982927024e+02 1.431362986806631170e+02 1.538538267317391046e+02 1.349333168642941132e+02
1.377279927973975759e+02 1.458698049631931326e+02 1.487279395406256413e+02 1.471427877947132004e+02 1.452996902956093663e+02 1.563553644746479563e+02 1.489731519435632947e+02 1.476482306023339959e+02 1.486808662874951210e+02 1.482261785245777617e+02 1.513373714586057019e+02 1.471733671558818344e+02 1.510463505020892683e+02 1.533003587732266340e+02 1.131194059390341806e+02 0.000000000000000000e+00 1.151129879726870797e+02 1.460753230357543941e+02 1.449724111684702450e+02 1.559455033016341758e+02 1.522005256232710906e+02 1.553383404057092321e+02 1.559967948388683965e+02 1.515882581204758139e+02 1.478681845428556016e+02 1.524335920983298251e+02 1.541719818903551698e+02 1.598030037264631744e+02 1.575087299167890649e+02 1.595211584712197350e+02 1.445890728928019655e+02 1.532546899771749338e+02 1.533460139684106593e+02 1.544603508995107859e+02 1.550225790006088005e+02 1.637253798285409516e+02 1.508045092164024084e+02 1.575722056709240917e+02 1.460719001040241096e+02
1.259285511708921348e+02 1.402533422061663373e+02 1.406804890523202687e+02 1.380434714138991694e+02 1.367296602789606936e+02 1.531404584033886067e+02 1.415697707845852165e+02 1.395815174011229942e+02 1.408580846100073813e+02 1.395922633959346513e+02 1.452446212429224488e+02 1.409077712548175896e+02 1.436662799685437619e+02 1.454716467219643334e+02 9.519978991573458416e+01 1.151129879726870797e+02 0.000000000000000000e+00 1.386975125948551408e+02 1.368429757057336076e+02 1.509569475049094933e+02 1.471665722914004562e+02 1.489530127254900549e+02 1.518156777147867444e+02 1.433806123574592561e+02 1.396137529042178471e+02 1.461540283399674252e+02 1.490301982820931528e+02 1.567163041932778640e+02 1.544732986635554539e+02 1.563905367981068082e+02 1.346365477869957772e+02 1.483913744123963454e+02 1.458560934620148259e+02 1.479425564197131280e+02 1.510066223713384090e+02 1.626376340211575950e+02 1.449379177441155377e+02 1.545380212116099301e+02 1.370693255254435030e+02
1.297574660665042359e+02 1.402141219706488755e+02 1.307669683062202068e+02 1.276362017610991160e+02 1.256025477448606580e+02 1.450758422343292864e+02 1.304568894309533960e+02 1.289185789558665647e+02 1.280781011726829206e+02 1.283082226515510627e+02 1.466731059192516113e+02 1.422322045107928545e+02 1.330075185844770260e+02 1.354806259211995325e+02 1.363231455036157911e+02 1.460753230357543941e+02 1.386975125948551408e+02 0.000000000000000000e+00 1.166318995815467332e+02 1.404029914211232324e+02 1.352959718543017118e+02 1.464377000638838240e+02 1.472854371619950768e+02 1.399821417181491654e+02 1.292400866604475880e+02 1.360000000000000000e+02 1.387767992137014232e+02 1.522399421965208148e+02 1.502564474490196460e+02 1.519177408994749499e+02 1.241128518728016275e+02 1.389136422386224865e+02 1.425517449910733205e+02 1.451137484871781567e+02 1.410390016981118606e+02 1.552997102379782177e+02 1.345213737664018936e+02 1.452411787338563158e+02 1.270157470552372132e+02
1.285612694399055727e+02 1.397962803510880292e+02 1.290620006043606907e+02 1.260634760745553962e+02 1.230081298126266063e+02 1.439235908390281793e+02 1.289108218886219106e+02 1.275264678409937034e+02 1.268581885413787518e+02 1.264199351368287978e+02 1.462053350599765338e+02 1.428600713985541972e+02 1.309503722789668245e+02 1.335739495560418106e+02 1.347033778344106736e+02 1.449724111684702450e+02 1.368429757057336076e+02 1.166318995815467332e+02 0.000000000000000000e+00 1.395994269329211761e+02 1.336188609441047390e+02 1.448965147959052899e+02 1.464513571121824782e+02 1.387227450708786876e+02 1.266649122685521007e+02 1.342795591294520250e+02 1.372224471433154349e+02 1.522169504358828078e+02 1.498065419132288696e+02 1.522366578718805101e+02 1.215277746031745636e+02 1.374336203408758479e+02 1.414213562373095101e+02 1.439062194625374786e+02 1.405026690137949004e+02 1.539902594322121274e+02 1.328796447918190324e+02 1.447342392110450078e+02 1.246434916070630692e+02
1.450723957202058614e+02 1.522859153040753029e+02 1.447238750172202799e+02 1.423587018766327503e+02 1.408154821033539577e+02 1.414001414426449514e+02 1.285690475970013438e+02 1.266688596301395648e+02 1.328118970574548996e+02 1.414849815351438735e+02 1.548095604282887905e+02 1.530065358081150748e+02 1.299923074647111605e+02 1.315294643796590606e+02 1.502298239365273389e+02 1.559455033016341758e+02 1.509569475049094933e+02 1.404029914211232324e+02 1.395994269329211761e+02 0.000000000000000000e+00 1.302919797992186375e+02 1.553286837644612319e+02 1.568757470101736260e+02 1.516179408909117114e+02 1.276401190848708040e+02 1.300423008101594746e+02 1.334466185408982142e+02 1.578987017046055428e+02 1.579746815157416222e+02 1.588080602488425370e+02 1.220532670599193779e+02 1.343130671230465225e+02 1.530228741071085778e+02 1.547675676619620333e+02 1.499433226255841021e+02 1.595524991969727751e+02 1.317611475359864812e+02 1.417391971192161009e+02 1.249559922532729104e+02
1.397211508684351031e+02 1.478208375027012096e+02 1.399607087721407481e+02 1.377388833989879515e+02 1.358270959713119908e+02 1.381955136753722684e+02 1.210784869413224811e+02 1.205114102481586542e+02 1.275499901999212256e+02 1.352553141285029028e+02 1.529836592581050922e+02 1.502697574364183311e+02 1.224173190361559875e+02 1.255388386118017223e+02 1.454750837772571970e+02 1.522005256232710906e+02 1.471665722914004562e+02 1.352959718543017118e+02 1.336188609441047390e+02 1.302919797992186375e+02 0.000000000000000000e+00 1.512778899905732999e+02 1.531208672911697022e+02 1.469081345603435125e+02 1.201665510863984139e+02 1.249119690021736915e+02 1.277106103657797149e+02 1.576071064387643617e+02 1.555956297586792800e+02 1.572068700788868227e+02 1.137936729348341203e+02 1.301076477383247436e+02 1.487951612116469278e+02 1.512712794948201633e+02 1.464001366119581178e+02 1.580664417262563575e+02 1.260277747165282562e+02 1.381086528788113128e+02 1.170897091976916613e+02
1.429090619939827320e+02 1.500866416440850344e+02 1.474923726841493306e+02 1.451240848377690895e+02 1.436871601779365619e+02 1.572482114365692780e+02 1.484351710343609909e+02 1.470986063836092228e+02 1.480743056711730787e+02 1.473736747183838247e+02 1.546706177656247689e+02 1.519276143431469848e+02 1.497898527938391453e+02 1.503562436349086227e+02 1.472684623400407418e+02 1.553383404057092321e+02 1.489530127254900549e+02 1.464377000638838240e+02 1.448965147959052899e+02 1.553286837644612319e+02 1.512778899905732999e+02 0.000000000000000000e+00 1.342721117730707192e+02 1.283705573720080224e+02 1.465435088975284543e+02 1.513935269422044883e+02 1.536522046701576016e+02 1.480236467595633769e+02 1.456742942320298368e+02 1.482936276446159241e+02 1.434921600645833166e+02 1.534633506737031894e+02 1.379311422413372270e+02 1.406911511076656041e+02 1.549064233658501450e+02 1.640487732352790147e+02 1.505788829816451937e+02 1.578321893657944486e+02 1.453788155131276199e+02
1.440208318265104310e+02 1.512977197448791742e+02 1.489664391733923310e+02 1.457326318982814541e+02 1.451654228802437672e+02 1.588143570336133052e+02 1.500733154161658547e+02 1.492414151634860389e+02 1.491140503104922175e+02 1.490972836774701307e+02 1.552997102379782177e+02 1.531502530197060992e+02 1.509370729807624230e+02 1.516443206981388983e+02 1.504958471187826490e+02 1.559967948388683965e+02 1.518156777147867444e+02 1.472854371619950768e+02 1.464513571121824782e+02 1.568757470101736260e+02 1.531208672911697022e+02 1.342721117730707192e+02 0.000000000000000000e+00 1.329812016790343137e+02 1.484452761121080471e+02 1.534633506737031894e+02 1.556920036482285070e+02 1.493987951758647910e+02 1.470782104868018791e+02 1.483104851316992949e+02 1.453375381654718979e+02 1.546350542406216562e+02 1.392910621683961381e+02 1.409432509913121123e+02 1.555281325034156055e+02 1.654841382127000031e+02 1.523056138164315882e+02 1.584108582136969687e+02 1.476346842716846197e+02
1.345139397980744604e+02 1.451034114002837612e+02 1.411913595090011029e+02 1.385640646055101968e+02 1.363488173766094746e+02 1.535838533179839089e+02 1.418097316829843066e+02 1.404741969188647772e+02 1.416721567563647852e+02 1.403780609639554768e+02 1.511555490215294810e+02 1.464615990626894586e+02 1.432968945930092275e+02 1.452583904633395093e+02 1.421302219797042312e+02 1.515882581204758139e+02 1.433806123574592561e+02 1.399821417181491654e+02 1.387227450708786876e+02 1.516179408909117114e+02 1.469081345603435125e+02 1.283705573720080224e+02 1.329812016790343137e+02 0.000000000000000000e+00 1.401285124448268675e+02 1.461677118928800780e+02 1.499266487319715964e+02 1.427235089254745048e+02 1.410744484306070206e+02 1.435060974314332043e+02 1.353550885633783594e+02 1.490234880815772556e+02 1.293290377293513984e+02 1.333604139165742026e+02 1.510794492973812737e+02 1.624099750631099539e+02 1.453788155131276199e+02 1.546544535407888077e+02 1.381086528788113128e+02
1.316130692598573262e+02 1.427059914649696850e+02 1.335177890769615772e+02 1.295762323885055594e+02 1.273302791954843656e+02 1.222047462253410259e+02 9.701546268507922832e+01 9.353608929178085418e+01 1.202622135169646640e+02 1.277575829452013352e+02 1.491039905569264192e+02 1.448689062566567429e+02 1.068550419961547675e+02 1.105893304075940193e+02 1.379673874508030167e+02 1.478681845428556016e+02 1.396137529042178471e+02 1.292400866604475880e+02 1.266649122685521007e+02 1.276401190848708040e+02 1.201665510863984139e+02 1.465435088975284543e+02 1.484452761121080471e+02 1.401285124448268675e+02 0.000000000000000000e+00 1.166147503534608632e+02 1.192979463360539114e+02 1.533753565603027482e+02 1.512216915657274399e+02 1.533101431738944029e+02 8.235897036753191003e+01 1.126143862923383381e+02 1.424710496908056143e+02 1.457292009173178826e+02 1.413753868252886434e+02 1.560288434873501160e+02 1.042832680730710564e+02 1.234746937635400599e+02 8.847598544237865781e+01
1.390934937371263231e+02 1.480337799287716507e+02 1.395922633959346513e+02 1.381267533825362932e+02 1.354178717895093769e+02 1.360036764208967952e+02 1.184778460303866296e+02 1.152649122673504678e+02 1.271613148720946498e+02 1.360992285062630458e+02 1.521413816159167141e+02 1.494657151322670359e+02 1.182412787481596865e+02 1.222006546627308410e+02 1.447895023819061180e+02 1.524335920983298251e+02 1.461540283399674252e+02 1.360000000000000000e+02 1.342795591294520250e+02 1.300423008101594746e+02 1.249119690021736915e+02 1.513935269422044883e+02 1.534633506737031894e+02 1.461677118928800780e+02 1.166147503534608632e+02 0.000000000000000000e+00 1.224785695540244319e+02 1.568151778368407747e+02 1.556759454764929274e+02 1.562529999712005520e+02 1.094897255453679605e+02 1.274323349860623154e+02 1.482396708037359474e+02 1.506519166821318549e+02 1.460342425597503393e+02 1.583224557667041665e+02 1.228413611126154876e+02 1.364661130097871649e+02 1.138639539099183082e+02
1.432131278898690994e+02 1.510397298726398105e+02 1.441214765397579356e+02 1.404991103174678528e+02 1.392659326612219388e+02 1.376735268670051937e+02 1.219098027231608654e+02 1.200291631229677449e+02 1.305028735315816846e+02 1.401570547635758430e+02 1.541168387944678670e+02 1.517596784393008704e+02 1.234503948960877153e+02 1.265385316810654359e+02 1.474415138283651743e+02 1.541719818903551698e+02 1.490301982820931528e+02 1.387767992137014232e+02 1.372224471433154349e+02 1.334466185408982142e+02 1.277106103657797149e+02 1.536522046701576016e+02 1.556920036482285070e+02 1.499266487319715964e+02 1.192979463360539114e+02 1.224785695540244319e+02 0.000000000000000000e+00 1.578416928444446228e+02 1.567226850203888091e+02 1.577085920297305677e+02 1.145905755287056706e+02 1.306675170040358580e+02 1.515519712837810573e+02 1.534763825479347190e+02 1.487514705809660143e+02 1.590503065070922730e+02 1.269527471148222162e+02 1.379347671908717814e+02 1.188444361339646349e+02
1.504792344478134396e+02 1.545994825347096651e+02 1.538993177372791479e+02 1.522891985664117840e+02 1.513770127859577030e+02 1.603558542741735948e+02 1.547191003076219999e+02 1.542951716678133778e+02 1.543858801833898156e+02 1.550225790006088005e+02 1.571496102445055385e+02 1.565407295242998487e+02 1.559358842601663753e+02 1.565119803721107985e+02 1.559903843190342343e+02 1.598030037264631744e+02 1.567163041932778640e+02 1.522399421965208148e+02 1.522169504358828078e+02 1.578987017046055428e+02 1.576071064387643617e+02 1.480236467595633769e+02 1.493987951758647910e+02 1.427235089254745048e+02 1.533753565603027482e+02 1.568151778368407747e+02 1.578416928444446228e+02 0.000000000000000000e+00 1.478715658941907520e+02 1.488825040090339087e+02 1.515684663774097771e+02 1.572895419282540956e+02 1.426814634071293710e+02 1.440659571168706066e+02 1.597216328491541617e+02 1.644597215125940863e+02 1.555474204221979448e+02 1.598436736314578184e+02 1.529182788289222117e+02
1.489160837518902838e+02 1.527645246776881720e+02 1.525221295419127046e+02 1.502398083065869798e+02 1.482868841131945885e+02 1.592482338991550535e+02 1.535122144977395635e+02 1.523318745371434204e+02 1.532155344604456104e+02 1.530686120666154011e+02 1.570732313285748774e+02 1.550709515028524095e+02 1.546544535407888077e+02 1.551902058765307402e+02 1.539318030817543672e+02 1.575087299167890649e+02 1.544732986635554539e+02 1.502564474490196460e+02 1.498065419132288696e+02 1.579746815157416222e+02 1.555956297586792800e+02 1.456742942320298368e+02 1.470782104868018791e+02 1.410744484306070206e+02 1.512216915657274399e+02 1.556759454764929274e+02 1.567226850203888091e+02 1.478715658941907520e+02 0.000000000000000000e+00 1.472616718633874484e+02 1.495827530165159089e+02 1.561409619542546636e+02 1.394274004634669950e+02 1.423903086589814109e+02 1.579525245129054554e+02 1.634411208967926825e+02 1.544700618242900703e+02 1.584424185627068766e+02 1.507647173578752131e+02
1.511687798455752443e+02 1.555409913816933454e+02 1.540811474515944894e+02 1.520789268768030240e+02 1.511720873706518660e+02 1.605490579231158108e+02 1.549903222785216315e+02 1.542886904474854930e+02 1.549161063285544913e+02 1.545315501766548607e+02 1.586568624421900040e+02 1.564001278771855823e+02 1.559871789603235186e+02 1.563585622855365216e+02 1.561761825631552654e+02 1.595211584712197350e+02 1.563905367981068082e+02 1.519177408994749499e+02 1.522366578718805101e+02 1.588080602488425370e+02 1.572068700788868227e+02 1.482936276446159241e+02 1.483104851316992949e+02 1.435060974314332043e+02 1.533101431738944029e+02 1.562529999712005520e+02 1.577085920297305677e+02 1.488825040090339087e+02 1.472616718633874484e+02 0.000000000000000000e+00 1.513439790675532493e+02 1.569012428249056370e+02 1.417603611733547950e+02 1.429860133020009698e+02 1.591760032165652774e+02 1.651393351082654704e+02 1.563297796326726825e+02 1.594929465525043213e+02 1.529444343544412845e+02
1.256702033100925604e+02 1.389460326889544604e+02 1.279062156425558499e+02 1.242376754450919378e+02 1.209380006449585778e+02 1.177921898938974579e+02 8.612200647918045604e+01 8.272847151978574232e+01 1.135517503167608595e+02 1.211651765153668237e+02 1.461813941649209880e+02 1.416333294108417249e+02 9.841239759298622403e+01 1.038604833418369964e+02 1.322648857406983893e+02 1.445890728928019655e+02 1.346365477869957772e+02 1.241128518728016275e+02 1.215277746031745636e+02 1.220532670599193779e+02 1.137936729348341203e+02 1.434921600645833166e+02 1.453375381654718979e+02 1.353550885633783594e+02 8.235897036753191003e+01 1.094897255453679605e+02 1.145905755287056706e+02 1.515684663774097771e+02 1.495827530165159089e+02 1.513439790675532493e+02 0.000000000000000000e+00 1.063531851897252807e+02 1.382570070557004271e+02 1.419225140701784369e+02 1.384485463990142478e+02 1.555506348428060903e+02 9.647797676153869872e+01 1.191763399337301337e+02 7.613803254615920935e+01
1.421900137140439142e+02 1.488992948270743284e+02 1.425096487961429261e+02 1.398499195566447213e+02 1.382714721119291426e+02 1.318104699938513988e+02 1.133137237937223603e+02 1.107925990308016964e+02 1.320946630261798305e+02 1.394202280876057216e+02 1.535447817413538871e+02 1.512117720285031339e+02 1.215976973466191851e+02 1.243462906563762402e+02 1.465639792036228926e+02 1.532546899771749338e+02 1.483913744123963454e+02 1.389136422386224865e+02 1.374336203408758479e+02 1.343130671230465225e+02 1.301076477383247436e+02 1.534633506737031894e+02 1.546350542406216562e+02 1.490234880815772556e+02 1.126143862923383381e+02 1.274323349860623154e+02 1.306675170040358580e+02 1.572895419282540956e+02 1.561409619542546636e+02 1.569012428249056370e+02 1.063531851897252807e+02 0.000000000000000000e+00 1.506585543538766387e+02 1.524303119461480378e+02 1.479628331710365785e+02 1.584140145315432733e+02 1.191763399337301337e+02 1.328006024082722263e+02 1.110945543219828551e+02
1.377171013345837025e+02 1.469319570413461804e+02 1.428810694248891764e+02 1.402141219706488755e+02 1.386542462386204875e+02 1.559166443969340889e+02 1.442428507760436673e+02 1.431817027416562098e+02 1.439479072442527752e+02 1.429965034537558211e+02 1.519868415357066453e+02 1.488522757635905407e+02 1.452515060162888574e+02 1.469489707347418062e+02 1.446616742610149799e+02 1.533460139684106593e+02 1.458560934620148259e+02 1.425517449910733205e+02 1.414213562373095101e+02 1.530228741071085778e+02 1.487951612116469278e+02 1.379311422413372270e+02 1.392910621683961381e+02 1.293290377293513984e+02 1.424710496908056143e+02 1.482396708037359474e+02 1.515519712837810573e+02 1.426814634071293710e+02 1.394274004634669950e+02 1.417603611733547950e+02 1.382570070557004271e+02 1.506585543538766387e+02 0.000000000000000000e+00 1.286506898543493946e+02 1.528234275234003405e+02 1.638627474443169376e+02 1.473668890897816368e+02 1.561345573535852509e+02 1.410035460547003368e+02
1.415026501518611042e+02 1.497865147468222631e+02 1.454922678357856967e+02 1.433631751880516845e+02 1.420563268566380941e+02 1.573308615625046514e+02 1.474482960227075807e+02 1.462668793678186034e+02 1.468536686637415869e+02 1.462771342349856241e+02 1.537888162383728172e+02 1.510033112219728650e+02 1.481249472573745720e+02 1.498966310495335961e+02 1.469217478796110754e+02 1.544603508995107859e+02 1.479425564197131280e+02 1.451137484871781567e+02 1.439062194625374786e+02 1.547675676619620333e+02 1.512712794948201633e+02 1.406911511076656041e+02 1.409432509913121123e+02 1.333604139165742026e+02 1.457292009173178826e+02 1.506519166821318549e+02 1.534763825479347190e+02 1.440659571168706066e+02 1.423903086589814109e+02 1.429860133020009698e+02 1.419225140701784369e+02 1.524303119461480378e+02 1.286506898543493946e+02 0.000000000000000000e+00 1.538440769090574918e+02 1.637925517232087032e+02 1.502863932629963699e+02 1.571846048441131529e+02 1.440243035046516127e+02
1.443571958719065833e+02 1.523023309079673879e+02 1.414213562373095101e+02 1.390575420464492424e+02 1.374918179383776931e+02 1.520032894380907749e+02 1.433631751880516845e+02 1.420492872210205917e+02 1.412515486640766085e+02 1.235273249123447954e+02 1.549161063285544913e+02 1.535708305636197224e+02 1.454132043522870674e+02 1.460582075749254045e+02 1.488153217918101348e+02 1.550225790006088005e+02 1.510066223713384090e+02 1.410390016981118606e+02 1.405026690137949004e+02 1.499433226255841021e+02 1.464001366119581178e+02 1.549064233658501450e+02 1.555281325034156055e+02 1.510794492973812737e+02 1.413753868252886434e+02 1.460342425597503393e+02 1.487514705809660143e+02 1.597216328491541617e+02 1.579525245129054554e+02 1.591760032165652774e+02 1.384485463990142478e+02 1.479628331710365785e+02 1.528234275234003405e+02 1.538440769090574918e+02 0.000000000000000000e+00 1.348332303254653937e+02 1.448309359218533814e+02 1.509801311431408237e+02 1.403958688850921988e+02
1.595148895871479340e+02 1.611458966278694902e+02 1.556663097783203682e+02 1.548450838741740654e+02 1.547772593115668371e+02 1.591320206620904969e+02 1.575150786432841699e+02 1.576388277043444646e+02 1.565630863262474008e+02 1.455850267026111453e+02 1.632819647113544477e+02 1.621172415260018056e+02 1.598092613085987637e+02 1.589937105674309237e+02 1.627083279982927024e+02 1.637253798285409516e+02 1.626376340211575950e+02 1.552997102379782177e+02 1.539902594322121274e+02 1.595524991969727751e+02 1.580664417262563575e+02 1.640487732352790147e+02 1.654841382127000031e+02 1.624099750631099539e+02 1.560288434873501160e+02 1.583224557667041665e+02 1.590503065070922730e+02 1.644597215125940863e+02 1.634411208967926825e+02 1.651393351082654704e+02 1.555506348428060903e+02 1.584140145315432733e+02 1.638627474443169376e+02 1.637925517232087032e+02 1.348332303254653937e+02 0.000000000000000000e+00 1.573785245832480086e+02 1.586032786546356306e+02 1.560352524271358448e+02
1.389064433350735612e+02 1.470918080655751510e+02 1.389316378655344408e+02 1.360771839802690693e+02 1.339104178172856052e+02 1.279335765153151669e+02 1.064095860343418565e+02 1.051189802081431850e+02 1.283277055043064365e+02 1.350518418978430759e+02 1.515618685553856722e+02 1.490704531421300771e+02 1.159612004077225862e+02 1.193189004307364485e+02 1.431362986806631170e+02 1.508045092164024084e+02 1.449379177441155377e+02 1.345213737664018936e+02 1.328796447918190324e+02 1.317611475359864812e+02 1.260277747165282562e+02 1.505788829816451937e+02 1.523056138164315882e+02 1.453788155131276199e+02 1.042832680730710564e+02 1.228413611126154876e+02 1.269527471148222162e+02 1.555474204221979448e+02 1.544700618242900703e+02 1.563297796326726825e+02 9.647797676153869872e+01 1.191763399337301337e+02 1.473668890897816368e+02 1.502863932629963699e+02 1.448309359218533814e+02 1.573785245832480086e+02 0.000000000000000000e+00 1.263368513142543037e+02 1.009108517454886993e+02
1.500466594096649544e+02 1.544117871148443157e+02 1.485159924048585367e+02 1.471597771131772276e+02 1.461882348207269331e+02 1.369525465261599209e+02 1.263091445620624853e+02 1.246394801016114684e+02 1.414178206592083029e+02 1.472209224261279985e+02 1.575182529105754270e+02 1.557658499158271752e+02 1.323933533074829256e+02 1.342609399639374033e+02 1.538538267317391046e+02 1.575722056709240917e+02 1.545380212116099301e+02 1.452411787338563158e+02 1.447342392110450078e+02 1.417391971192161009e+02 1.381086528788113128e+02 1.578321893657944486e+02 1.584108582136969687e+02 1.546544535407888077e+02 1.234746937635400599e+02 1.364661130097871649e+02 1.379347671908717814e+02 1.598436736314578184e+02 1.584424185627068766e+02 1.594929465525043213e+02 1.191763399337301337e+02 1.328006024082722263e+02 1.561345573535852509e+02 1.571846048441131529e+02 1.509801311431408237e+02 1.586032786546356306e+02 1.263368513142543037e+02 0.000000000000000000e+00 1.217374223482656106e+02
1.289961239727767861e+02 1.405951635014519354e+02 1.305335205991165992e+02 1.276949489995591023e+02 1.247998397434868565e+02 1.209545369136685196e+02 9.282241108697834875e+01 8.964931678490360412e+01 1.173413822996814702e+02 1.248919533036456215e+02 1.481148203253138433e+02 1.432166191473601202e+02 1.029465880930494990e+02 1.077868266533531454e+02 1.349333168642941132e+02 1.460719001040241096e+02 1.370693255254435030e+02 1.270157470552372132e+02 1.246434916070630692e+02 1.249559922532729104e+02 1.170897091976916613e+02 1.453788155131276199e+02 1.476346842716846197e+02 1.381086528788113128e+02 8.847598544237865781e+01 1.138639539099183082e+02 1.188444361339646349e+02 1.529182788289222117e+02 1.507647173578752131e+02 1.529444343544412845e+02 7.613803254615920935e+01 1.110945543219828551e+02 1.410035460547003368e+02 1.440243035046516127e+02 1.403958688850921988e+02 1.560352524271358448e+02 1.009108517454886993e+02 1.217374223482656106e+02 0.000000000000000000e+00
