0.000000000000000000e+00 1.168845584326689391e+02 1.219015996613662196e+02 1.213177645689204098e+02 1.261308844018783475e+02 1.348851363197591127e+02 1.244065914652435083e+02 1.334915727677219195e+02 1.220286851523034386e+02 1.222701926063748346e+02 1.208925142430249906e+02 1.346291201783625979e+02 1.235435146011315339e+02 1.321098028156881412e+02 1.319431695844843659e+02 1.254790819220478681e+02 1.330789239511651658e+02 1.342721117730707192e+02 1.282068640908122461e+02 1.293522322961610200e+02 1.314458063233665825e+02 1.323442480805267110e+02 1.279179424474924929e+02 1.272163511503140114e+02 1.255786606076048315e+02 1.267438361420388730e+02 1.411842767449690257e+02 1.402854233340014503e+02 1.350555441290730698e+02 1.290155029444136119e+02 1.412444689182553361e+02 1.415273825095341635e+02 1.269015366337224435e+02 1.266649122685521007e+02 1.243663941746322337e+02 1.254711122131305530e+02 1.346848172586650492e+02 1.204823638546322684e+02 1.247878199184519730e+02 1.348777224006989286e+02 1.336001497005149190e+02 1.349259055926622182e+02 1.348035607838309318e+02
1.168845584326689391e+02 0.000000000000000000e+00 1.193984924527944003e+02 1.189873942903196848e+02 1.244949798184649694e+02 1.342683879399764066e+02 1.221679172287061590e+02 1.336712384920555792e+02 1.208676962633109895e+02 1.209131920015347248e+02 1.191847305656223739e+02 1.346216921599190073e+02 1.219549097002658584e+02 1.309541904636884908e+02 1.300038460969520600e+02 1.233653111697125269e+02 1.335140442050947627e+02 1.334278831429173238e+02 1.264713406270369234e+02 1.272949331277565079e+02 1.298922630490361314e+02 1.322006051423366273e+02 1.258054052892800030e+02 1.259126681474108125e+02 1.258252756802066443e+02 1.257616793780999132e+02 1.411630263206339748e+02 1.399071120422403567e+02 1.344990706287593696e+02 1.273067162407388508e+02 1.411665682801703667e+02 1.412940196894404892e+02 1.248919533036456215e+02 1.258967831201417198e+02 1.225520297669524581e+02 1.236648697084179958e+02 1.343726162579266088e+02 1.182539639927558568e+02 1.238466794064338217e+02 1.346254062203713602e+02 1.334728436799036615e+02 1.348295219898075459e+02 1.349888884316038684e+02
1.219015996613662196e+02 1.193984924527944003e+02 0.000000000000000000e+00 1.202746856158851045e+02 1.231381338172704289e+02 1.353513945255090505e+02 1.246795893480564814e+02 1.341491707018720376e+02 1.222824599032911124e+02 1.226132129910965176e+02 1.196870920358582424e+02 1.347998516319658222e+02 1.244628458617269473e+02 1.327215129509907285e+02 1.314343942809491637e+02 1.254631419979588998e+02 1.349370223474639943e+02 1.343316790634286804e+02 1.288138191344391430e+02 1.302228858534474227e+02 1.318408131042887703e+02 1.329924809904680387e+02 1.280195297601111974e+02 1.278123624693636629e+02 1.268305956778568486e+02 1.273577637994637541e+02 1.416862731530475514e+02 1.407337912514261689e+02 1.353735572406960159e+02 1.295492184461180045e+02 1.416545092822674690e+02 1.416898020324680942e+02 1.275225470260063503e+02 1.275382295627471905e+02 1.250719792759353481e+02 1.249439874503771364e+02 1.353513945255090505e+02 1.205487453273570964e+02 1.263566381319161280e+02 1.350111106539013690e+02 1.340708767779192101e+02 1.356576573585140579e+02 1.361175962173884386e+02
1.213177645689204098e+02 1.189873942903196848e+02 1.202746856158851045e+02 0.000000000000000000e+00 1.248078523170717773e+02 1.350407345951583693e+02 1.250399936020471756e+02 1.340223861897705433e+02 1.212806662250830527e+02 1.215730233234330626e+02 1.199791648579035552e+02 1.346068348933292498e+02 1.230243878261542108e+02 1.329924809904680387e+02 1.315864734689702118e+02 1.251279345310230866e+02 1.344321390144484667e+02 1.339290857132982921e+02 1.283549765299343619e+02 1.291820420956411510e+02 1.313087963542427588e+02 1.330075185844770260e+02 1.273538377906217676e+02 1.282809416865966057e+02 1.257775814682409958e+02 1.277419273378948219e+02 1.415944914182751688e+02 1.409397034195829406e+02 1.349147879218583057e+02 1.287050892544657756e+02 1.416898020324680942e+02 1.422181423025909055e+02 1.275695888525161052e+02 1.277810627597063018e+02 1.239556372255816399e+02 1.245110436868955048e+02 1.355949851580064944e+02 1.207393887677091016e+02 1.254192967609051834e+02 1.352109463024351328e+02 1.346216921599190073e+02 1.353181436467408787e+02 1.356171080653174954e+02
1.261308844018783475e+02 1.244949798184649694e+02 1.231381338172704289e+02 1.248078523170717773e+02 0.000000000000000000e+00 1.375972383443795763e+02 1.295762323885055594e+02 1.366272300824400077e+02 1.270118104744594234e+02 1.270944530654268902e+02 1.232071426500915123e+02 1.371787155501902191e+02 1.275695888525161052e+02 1.350851583261462565e+02 1.338656042454520900e+02 1.298383610494217635e+02 1.359742622704752932e+02 1.365723251614323317e+02 1.328307193385626306e+02 1.337572427945492564e+02 1.348295219898075459e+02 1.353070582046627806e+02 1.318938967503803781e+02 1.322611053938382781e+02 1.286817780418035682e+02 1.304415577950524039e+02 1.433736377441822469e+02 1.422497803161748209e+02 1.373790377022637301e+02 1.305603308819336519e+02 1.436836803537548519e+02 1.434956445332052510e+02 1.315484701545403823e+02 1.311907008899640061e+02 1.279062156425558499e+02 1.281405478371307822e+02 1.375608956062732204e+02 1.252557383915004579e+02 1.288681496724462079e+02 1.377425134081703959e+02 1.366455268203097830e+02 1.372880184138440995e+02 1.381846590617062702e+02
1.348851363197591127e+02 1.342683879399764066e+02 1.353513945255090505e+02 1.350407345951583693e+02 1.375972383443795763e+02 0.000000000000000000e+00 1.358786223068220522e+02 1.125788612484599582e+02 1.350444371308940674e+02 1.347293583447943206e+02 1.353477003868185307e+02 1.080694221322571877e+02 1.361726844855457728e+02 1.405524813014697258e+02 1.397461985171689776e+02 1.364954211686238352e+02 1.409042227898085287e+02 1.092748827498799074e+02 1.388776439892324674e+02 1.392048849717566554e+02 1.391833323354488527e+02 1.110720486891279108e+02 1.380326048439280839e+02 1.381376125463300468e+02 1.372953021774598028e+02 1.371568445247994248e+02 1.245190748439772221e+02 1.227762191957383919e+02 1.077311468424986174e+02 1.384738242412622924e+02 1.241289651934632019e+02 1.238466794064338217e+02 1.392192515423064663e+02 1.371787155501902191e+02 1.366638211085874843e+02 1.370948576716136245e+02 1.102995920210043153e+02 1.345734000462201436e+02 1.370474370427991744e+02 1.111755368774983737e+02 1.093297763649043617e+02 1.096767979109528852e+02 1.105350623105627932e+02
1.244065914652435083e+02 1.221679172287061590e+02 1.246795893480564814e+02 1.250399936020471756e+02 1.295762323885055594e+02 1.358786223068220522e+02 0.000000000000000000e+00 1.344656089860898192e+02 1.260555433132553702e+02 1.259642806513021043e+02 1.241370210694617953e+02 1.351517665441336362e+02 1.277497553813704911e+02 1.186254610106953322e+02 1.198248722094040062e+02 1.090779537761870586e+02 1.224540730233176049e+02 1.349888884316038684e+02 1.119196140093415437e+02 1.115033631779777323e+02 1.164001718211790291e+02 1.335290230624039225e+02 1.094623222848848627e+02 1.103856874780421862e+02 1.296572404457228913e+02 1.309847319346800703e+02 1.416615685357182599e+02 1.405524813014697258e+02 1.358786223068220522e+02 1.314762335937564046e+02 1.415521105459046112e+02 1.418837552364610985e+02 1.096676798332124889e+02 1.110900535601635255e+02 1.275382295627471905e+02 1.288177006470772312e+02 1.355027674994130962e+02 1.246876096490745880e+02 1.286662348870129904e+02 1.355544171172595895e+02 1.347442021016117906e+02 1.361616686149226041e+02 1.355396620919500492e+02
1.334915727677219195e+02 1.336712384920555792e+02 1.341491707018720376e+02 1.340223861897705433e+02 1.366272300824400077e+02 1.125788612484599582e+02 1.344656089860898192e+02 0.000000000000000000e+00 1.331502910248415503e+02 1.337460279784039017e+02 1.338543985082298207e+02 1.132298547203872374e+02 1.348962564343429165e+02 1.400321391681209775e+02 1.390791141760688561e+02 1.351480669488098840e+02 1.407906246878676200e+02 1.087428158546577208e+02 1.378441148544253281e+02 1.381231334715513981e+02 1.386939075806864707e+02 1.097132626440395313e+02 1.366345490716019526e+02 1.368648968874049956e+02 1.367698797250330358e+02 1.366455268203097830e+02 1.130353926874233537e+02 1.111395519155984317e+02 1.120624825711085180e+02 1.385676729977089678e+02 1.126321446124506735e+02 1.136485811614029728e+02 1.379347671908717814e+02 1.364697768738558352e+02 1.353698637068088431e+02 1.366418676687346760e+02 1.111845312981981380e+02 1.331840831330831350e+02 1.359190935814391139e+02 1.116422858956229049e+02 1.096129554386706673e+02 1.140833028974880250e+02 1.134195750300626031e+02
1.220286851523034386e+02 1.208676962633109895e+02 1.222824599032911124e+02 1.212806662250830527e+02 1.270118104744594234e+02 1.350444371308940674e+02 1.260555433132553702e+02 1.331502910248415503e+02 0.000000000000000000e+00 1.082173738361821478e+02 1.214413438660821214e+02 1.338431918328309962e+02 1.098362417419678536e+02 1.340671473553457815e+02 1.334616049656229677e+02 1.267753919339238280e+02 1.353107534529314364e+02 1.335440002396213970e+02 1.297536126664687401e+02 1.311220805204066266e+02 1.324273385672308905e+02 1.321892582625381181e+02 1.288720295486961049e+02 1.286195941526795536e+02 1.260515767453941862e+02 1.267556704845980420e+02 1.412019829889084690e+02 1.402889874509043580e+02 1.345622532510510609e+02 1.273891675143534314e+02 1.407160260951111468e+02 1.415874288204994684e+02 1.285962674419440646e+02 1.284328618383939897e+02 1.221147001797899776e+02 1.237739875741264086e+02 1.340111935623289696e+02 1.191763399337301337e+02 1.242135258335419792e+02 1.342572158209755173e+02 1.337385509118444133e+02 1.351147660324362789e+02 1.351332675546624955e+02
1.222701926063748346e+02 1.209131920015347248e+02 1.226132129910965176e+02 1.215730233234330626e+02 1.270944530654268902e+02 1.347293583447943206e+02 1.259642806513021043e+02 1.337460279784039017e+02 1.082173738361821478e+02 0.000000000000000000e+00 1.223151666801791180e+02 1.349777759484871638e+02 1.122185367931697755e+02 1.341007084246761281e+02 1.338319842190199438e+02 1.270236198507978287e+02 1.358307770720612382e+02 1.338917473184960727e+02 1.293174388858672046e+02 1.305679899515957061e+02 1.329736816065494907e+02 1.327742444904131105e+02 1.290852431535068945e+02 1.290581264392134244e+02 1.261110621634755660e+02 1.265859391875732740e+02 1.418555603422016134e+02 1.405062276199884366e+02 1.348109787814034064e+02 1.275107838576800532e+02 1.414284271283535190e+02 1.416898020324680942e+02 1.287322803340327653e+02 1.281093283098463473e+02 1.237861058439112583e+02 1.238587905640935958e+02 1.350851583261462565e+02 1.196494880891681873e+02 1.249879994239447001e+02 1.352553141285029028e+02 1.338020926592704711e+02 1.354658628585076485e+02 1.358896611225445668e+02
1.208925142430249906e+02 1.191847305656223739e+02 1.196870920358582424e+02 1.199791648579035552e+02 1.232071426500915123e+02 1.353477003868185307e+02 1.241370210694617953e+02 1.338543985082298207e+02 1.214413438660821214e+02 1.223151666801791180e+02 0.000000000000000000e+00 1.355802345476655262e+02 1.235556554755791012e+02 1.317193987231948995e+02 1.315750736271882033e+02 1.254352422567118879e+02 1.343167897174437257e+02 1.343354011420667860e+02 1.278905782299853371e+02 1.288138191344391430e+02 1.311297067792039286e+02 1.331615560137384477e+02 1.284056073541961780e+02 1.272752921819470799e+02 1.255826421126741508e+02 1.270236198507978287e+02 1.413294024610590327e+02 1.401962909637769314e+02 1.355396620919500492e+02 1.285301521044770254e+02 1.416297991243368131e+02 1.419189909772472902e+02 1.274323349860623154e+02 1.273302791954843656e+02 1.238628273534881004e+02 1.249959999359979577e+02 1.359154148726331925e+02 1.199791648579035552e+02 1.260753742806262636e+02 1.355544171172595895e+02 1.339029499301639703e+02 1.357350360076572144e+02 1.362167390594856329e+02
1.346291201783625979e+02 1.346216921599190073e+02 1.347998516319658222e+02 1.346068348933292498e+02 1.371787155501902191e+02 1.080694221322571877e+02 1.351517665441336362e+02 1.132298547203872374e+02 1.338431918328309962e+02 1.349777759484871638e+02 1.355802345476655262e+02 0.000000000000000000e+00 1.359926468600416740e+02 1.399714256553815233e+02 1.392264342716568990e+02 1.356097341638866283e+02 1.405880507013309568e+02 1.117765628385485854e+02 1.381665661439119788e+02 1.389856107660069995e+02 1.391941090707505566e+02 1.083697374731525258e+02 1.375499909123952023e+02 1.376553667678815884e+02 1.367735354518555937e+02 1.368027777495764212e+02 1.252836781069266010e+02 1.233166655403883425e+02 1.079490620616964947e+02 1.381882773609976027e+02 1.248318869520123826e+02 1.257258923213512105e+02 1.387984149765406983e+02 1.367077174120027507e+02 1.357203006185883680e+02 1.372370212442692150e+02 1.117362966989688573e+02 1.341305334366489319e+02 1.364294689574066979e+02 1.121293895461845409e+02 1.103177229641729014e+02 1.118302284715541504e+02 1.123432240947356888e+02
1.235435146011315339e+02 1.219549097002658584e+02 1.244628458617269473e+02 1.230243878261542108e+02 1.275695888525161052e+02 1.361726844855457728e+02 1.277497553813704911e+02 1.348962564343429165e+02 1.098362417419678536e+02 1.122185367931697755e+02 1.235556554755791012e+02 1.359926468600416740e+02 0.000000000000000000e+00 1.350703520392243604e+02 1.340969798317620700e+02 1.281717597600969327e+02 1.362534403235382570e+02 1.353440061472985860e+02 1.308663440308469887e+02 1.320568059586479706e+02 1.340410384919484272e+02 1.339925371056164352e+02 1.304683869755428418e+02 1.298961123359740952e+02 1.273224253617562880e+02 1.275813465989444779e+02 1.427024877148257644e+02 1.417286139070018578e+02 1.361506518530117091e+02 1.283121194587635330e+02 1.425236822426364256e+02 1.432724676970422024e+02 1.303572015655445000e+02 1.301038047099315236e+02 1.242899835063147833e+02 1.252597301609739162e+02 1.355912976558599041e+02 1.217168846134339759e+02 1.261467399499487669e+02 1.361947135537940028e+02 1.347442021016117906e+02 1.370693255254435030e+02 1.361800279042415127e+02
1.321098028156881412e+02 1.309541904636884908e+02 1.327215129509907285e+02 1.329924809904680387e+02 1.350851583261462565e+02 1.405524813014697258e+02 1.186254610106953322e+02 1.400321391681209775e+02 1.340671473553457815e+02 1.341007084246761281e+02 1.317193987231948995e+02 1.399714256553815233e+02 1.350703520392243604e+02 0.000000000000000000e+00 1.229959348921743896e+02 1.081110540139166289e+02 1.175797601630484763e+02 1.395206077968412615e+02 1.215976973466191851e+02 1.225683482796435442e+02 1.256542876307848076e+02 1.383762985485592480e+02 1.205902151917807998e+02 1.210330533366815473e+02 1.346811048365731267e+02 1.363928150600316656e+02 1.456571316482649934e+02 1.450689491242009410e+02 1.412834031300209006e+02 1.368868145585980187e+02 1.468638825579658942e+02 1.465980900284857000e+02 1.212724206074901474e+02 1.201207725582881807e+02 1.341640786499873741e+02 1.347367804276174752e+02 1.404955515310004444e+02 1.321022331378239869e+02 1.350740537631117490e+02 1.409006742354343658e+02 1.396853607218737920e+02 1.407693148381422077e+02 1.405880507013309568e+02
1.319431695844843659e+02 1.300038460969520600e+02 1.314343942809491637e+02 1.315864734689702118e+02 1.338656042454520900e+02 1.397461985171689776e+02 1.198248722094040062e+02 1.390791141760688561e+02 1.334616049656229677e+02 1.338319842190199438e+02 1.315750736271882033e+02 1.392264342716568990e+02 1.340969798317620700e+02 1.229959348921743896e+02 0.000000000000000000e+00 1.181524439019354418e+02 1.196285919000971916e+02 1.388524396616782610e+02 1.225724275683565025e+02 1.226091350593421367e+02 1.252158136977913756e+02 1.372005830891399683e+02 1.209876026706868828e+02 1.224459064240205635e+02 1.346959539110214052e+02 1.347479127853192438e+02 1.447273298309617928e+02 1.446478482384027586e+02 1.397605094438339677e+02 1.359117360642560470e+02 1.460445137620718583e+02 1.458252378705414571e+02 1.208345976945344944e+02 1.209669376317347371e+02 1.332816566523690938e+02 1.335814358359723713e+02 1.401962909637769314e+02 1.316548517905815743e+02 1.341752585240662086e+02 1.395815174011229942e+02 1.386217876093076597e+02 1.395636055710800179e+02 1.396030085635692899e+02
1.254790819220478681e+02 1.233653111697125269e+02 1.254631419979588998e+02 1.251279345310230866e+02 1.298383610494217635e+02 1.364954211686238352e+02 1.090779537761870586e+02 1.351480669488098840e+02 1.267753919339238280e+02 1.270236198507978287e+02 1.254352422567118879e+02 1.356097341638866283e+02 1.281717597600969327e+02 1.081110540139166289e+02 1.181524439019354418e+02 0.000000000000000000e+00 1.179025020938911155e+02 1.353735572406960159e+02 1.124633273560763911e+02 1.128051417267847825e+02 1.171110584018435077e+02 1.338133027766671717e+02 1.124811095251109236e+02 1.130176977291609859e+02 1.305105359731542762e+02 1.314115672229808069e+02 1.422392350935563741e+02 1.411771936255994433e+02 1.362901317043900917e+02 1.323177992561847418e+02 1.420316866054895399e+02 1.420668856560176607e+02 1.112969002263764793e+02 1.135473469527139656e+02 1.293908806678430494e+02 1.291200991325517862e+02 1.364661130097871649e+02 1.257656550891379084e+02 1.300961183125768628e+02 1.359521974813206100e+02 1.348925498313379876e+02 1.369598481307569102e+02 1.363634848484006739e+02
1.330789239511651658e+02 1.335140442050947627e+02 1.349370223474639943e+02 1.344321390144484667e+02 1.359742622704752932e+02 1.409042227898085287e+02 1.224540730233176049e+02 1.407906246878676200e+02 1.353107534529314364e+02 1.358307770720612382e+02 1.343167897174437257e+02 1.405880507013309568e+02 1.362534403235382570e+02 1.175797601630484763e+02 1.196285919000971916e+02 1.179025020938911155e+02 0.000000000000000000e+00 1.402248194864233142e+02 1.249919997439836123e+02 1.252756959669352597e+02 1.274833322438663004e+02 1.385099274420429367e+02 1.231137685232646959e+02 1.235313725334580681e+02 1.358160520704382748e+02 1.367698797250330358e+02 1.457772273024837091e+02 1.458629493737186067e+02 1.410673597966588488e+02 1.368904671626187337e+02 1.472073367736812202e+02 1.467719319216041356e+02 1.240241911886548110e+02 1.218605760695394054e+02 1.360698350112911612e+02 1.354289481610190933e+02 1.410319112825179104e+02 1.349073756323204236e+02 1.363964808930201116e+02 1.405489238663889466e+02 1.396173341673590187e+02 1.403673751268434842e+02 1.398642198705587418e+02
1.342721117730707192e+02 1.334278831429173238e+02 1.343316790634286804e+02 1.339290857132982921e+02 1.365723251614323317e+02 1.092748827498799074e+02 1.349888884316038684e+02 1.087428158546577208e+02 1.335440002396213970e+02 1.338917473184960727e+02 1.343354011420667860e+02 1.117765628385485854e+02 1.353440061472985860e+02 1.395206077968412615e+02 1.388524396616782610e+02 1.353735572406960159e+02 1.402248194864233142e+02 0.000000000000000000e+00 1.378695035169126868e+02 1.385171469530036177e+02 1.389640241213530771e+02 1.069205312369892766e+02 1.370693255254435030e+02 1.367296602789606936e+02 1.363634848484006739e+02 1.366125909277764947e+02 1.222047462253410259e+02 1.202372654379664425e+02 1.108106493077267345e+02 1.378912615070295260e+02 1.217251001231874170e+02 1.223723825052041718e+02 1.378586232340944377e+02 1.362020557847788211e+02 1.352035502492445573e+02 1.363598181283621500e+02 1.082173738361821478e+02 1.332178666696025289e+02 1.359742622704752932e+02 1.085587398600407454e+02 1.073033084298895261e+02 1.122942563090383601e+02 1.117094445425273790e+02
1.282068640908122461e+02 1.264713406270369234e+02 1.288138191344391430e+02 1.283549765299343619e+02 1.328307193385626306e+02 1.388776439892324674e+02 1.119196140093415437e+02 1.378441148544253281e+02 1.297536126664687401e+02 1.293174388858672046e+02 1.278905782299853371e+02 1.381665661439119788e+02 1.308663440308469887e+02 1.215976973466191851e+02 1.225724275683565025e+02 1.124633273560763911e+02 1.249919997439836123e+02 1.378695035169126868e+02 0.000000000000000000e+00 8.954886933959579665e+01 9.581753492967766306e+01 1.366235704408283880e+02 1.154123043700280675e+02 1.157713263291044825e+02 1.332328788250107721e+02 1.343242345967398421e+02 1.444922143231253813e+02 1.435722814473601545e+02 1.391150602918318100e+02 1.355138369318793821e+02 1.446478482384027586e+02 1.449241180756329470e+02 1.148520787796198306e+02 1.152952731034538090e+02 1.307134270073277378e+02 1.323631368621943807e+02 1.387263493356615243e+02 1.282458576329075868e+02 1.324122350842247613e+02 1.391581833741731486e+02 1.376372042726820268e+02 1.394560862780825232e+02 1.390503505928697621e+02
1.293522322961610200e+02 1.272949331277565079e+02 1.302228858534474227e+02 1.291820420956411510e+02 1.337572427945492564e+02 1.392048849717566554e+02 1.115033631779777323e+02 1.381231334715513981e+02 1.311220805204066266e+02 1.305679899515957061e+02 1.288138191344391430e+02 1.389856107660069995e+02 1.320568059586479706e+02 1.225683482796435442e+02 1.226091350593421367e+02 1.128051417267847825e+02 1.252756959669352597e+02 1.385171469530036177e+02 8.954886933959579665e+01 0.000000000000000000e+00 9.743715923609431684e+01 1.369927005354664971e+02 1.152432210587677019e+02 1.160603291396332395e+02 1.342832826527561565e+02 1.352405264704334229e+02 1.450620556865233368e+02 1.439583273034248521e+02 1.397354643603405293e+02 1.365979502042398792e+02 1.451826435907543384e+02 1.450999655410021205e+02 1.152649122673504678e+02 1.158360910942699178e+02 1.323518039166825986e+02 1.333454161191902472e+02 1.391402170474086972e+02 1.291278436279333164e+02 1.334541119636259054e+02 1.391977011304425105e+02 1.383365461474298854e+02 1.396674622093492530e+02 1.390251775758621307e+02
1.314458063233665825e+02 1.298922630490361314e+02 1.318408131042887703e+02 1.313087963542427588e+02 1.348295219898075459e+02 1.391833323354488527e+02 1.164001718211790291e+02 1.386939075806864707e+02 1.324273385672308905e+02 1.329736816065494907e+02 1.311297067792039286e+02 1.391941090707505566e+02 1.340410384919484272e+02 1.256542876307848076e+02 1.252158136977913756e+02 1.171110584018435077e+02 1.274833322438663004e+02 1.389640241213530771e+02 9.581753492967766306e+01 9.743715923609431684e+01 0.000000000000000000e+00 1.374736338357286627e+02 1.185031645147082173e+02 1.196578455430315699e+02 1.347590442233841372e+02 1.361322886019330838e+02 1.447653273404926892e+02 1.443537321997599179e+02 1.395850994913139118e+02 1.367515996250135402e+02 1.454853944559384331e+02 1.452239649644644430e+02 1.193566085309062430e+02 1.185580026822314466e+02 1.334503653048578258e+02 1.341827112559587647e+02 1.394489153776392811e+02 1.313620949893842180e+02 1.339328189802633915e+02 1.397139935725838313e+02 1.384160395329963080e+02 1.395886814895820862e+02 1.393125981381439829e+02
1.323442480805267110e+02 1.322006051423366273e+02 1.329924809904680387e+02 1.330075185844770260e+02 1.353070582046627806e+02 1.110720486891279108e+02 1.335290230624039225e+02 1.097132626440395313e+02 1.321892582625381181e+02 1.327742444904131105e+02 1.331615560137384477e+02 1.083697374731525258e+02 1.339925371056164352e+02 1.383762985485592480e+02 1.372005830891399683e+02 1.338133027766671717e+02 1.385099274420429367e+02 1.069205312369892766e+02 1.366235704408283880e+02 1.369927005354664971e+02 1.374736338357286627e+02 0.000000000000000000e+00 1.353366173657373395e+02 1.358565419845507449e+02 1.354363319054381236e+02 1.351628647225265070e+02 1.226132129910965176e+02 1.202705283932851046e+02 1.123254200971445300e+02 1.368356678647785998e+02 1.215360028962611523e+02 1.222252019838789181e+02 1.366930868771350731e+02 1.352959718543017118e+02 1.338656042454520900e+02 1.353809440061635883e+02 1.088898526034451066e+02 1.321400771908356262e+02 1.346291201783625979e+02 1.096129554386706673e+02 1.083974169433939920e+02 1.123209686567917771e+02 1.130530848760881923e+02
1.279179424474924929e+02 1.258054052892800030e+02 1.280195297601111974e+02 1.273538377906217676e+02 1.318938967503803781e+02 1.380326048439280839e+02 1.094623222848848627e+02 1.366345490716019526e+02 1.288720295486961049e+02 1.290852431535068945e+02 1.284056073541961780e+02 1.375499909123952023e+02 1.304683869755428418e+02 1.205902151917807998e+02 1.209876026706868828e+02 1.124811095251109236e+02 1.231137685232646959e+02 1.370693255254435030e+02 1.154123043700280675e+02 1.152432210587677019e+02 1.185031645147082173e+02 1.353366173657373395e+02 0.000000000000000000e+00 1.113956911195401602e+02 1.325254692502539342e+02 1.327968373117372209e+02 1.439583273034248521e+02 1.425517449910733205e+02 1.383871381306803414e+02 1.338581338582007731e+02 1.438228076488565819e+02 1.439826378422065147e+02 1.123610252712211661e+02 1.132563464005439329e+02 1.311030129325790767e+02 1.306828221305309796e+02 1.378296049475583516e+02 1.278475654832738684e+02 1.305871356604470463e+02 1.375972383443795763e+02 1.368283596335204209e+02 1.383401604741009407e+02 1.380326048439280839e+02
1.272163511503140114e+02 1.259126681474108125e+02 1.278123624693636629e+02 1.282809416865966057e+02 1.322611053938382781e+02 1.381376125463300468e+02 1.103856874780421862e+02 1.368648968874049956e+02 1.286195941526795536e+02 1.290581264392134244e+02 1.272752921819470799e+02 1.376553667678815884e+02 1.298961123359740952e+02 1.210330533366815473e+02 1.224459064240205635e+02 1.130176977291609859e+02 1.235313725334580681e+02 1.367296602789606936e+02 1.157713263291044825e+02 1.160603291396332395e+02 1.196578455430315699e+02 1.358565419845507449e+02 1.113956911195401602e+02 0.000000000000000000e+00 1.317497628081356424e+02 1.327026751802690683e+02 1.437463043003193093e+02 1.431013626769500888e+02 1.381231334715513981e+02 1.340335778825589728e+02 1.440347180370066269e+02 1.442081828468828633e+02 1.133401958706618728e+02 1.124988888834018610e+02 1.312592853858347155e+02 1.312440474840668685e+02 1.379565148878442642e+02 1.271219886565656338e+02 1.311716432770436995e+02 1.380362271289678517e+02 1.369634987870855980e+02 1.381267533825362932e+02 1.377896948251210745e+02
1.255786606076048315e+02 1.258252756802066443e+02 1.268305956778568486e+02 1.257775814682409958e+02 1.286817780418035682e+02 1.372953021774598028e+02 1.296572404457228913e+02 1.367698797250330358e+02 1.260515767453941862e+02 1.261110621634755660e+02 1.255826421126741508e+02 1.367735354518555937e+02 1.273224253617562880e+02 1.346811048365731267e+02 1.346959539110214052e+02 1.305105359731542762e+02 1.358160520704382748e+02 1.363634848484006739e+02 1.332328788250107721e+02 1.342832826527561565e+02 1.347590442233841372e+02 1.354363319054381236e+02 1.325254692502539342e+02 1.317497628081356424e+02 0.000000000000000000e+00 1.277027799227565765e+02 1.432654878189440240e+02 1.427795503564848616e+02 1.373025855546791831e+02 1.305181979648815229e+02 1.437636949998155842e+02 1.442497833620556946e+02 1.325895923517377639e+02 1.310801281659428241e+02 1.278240978845538365e+02 1.280976190254916389e+02 1.375354499756335542e+02 1.241450764227079588e+02 1.287089740461013889e+02 1.375645303121411587e+02 1.363048054912225098e+02 1.373353559721603574e+02 1.371422619034701427e+02
1.267438361420388730e+02 1.257616793780999132e+02 1.273577637994637541e+02 1.277419273378948219e+02 1.304415577950524039e+02 1.371568445247994248e+02 1.309847319346800703e+02 1.366455268203097830e+02 1.267556704845980420e+02 1.265859391875732740e+02 1.270236198507978287e+02 1.368027777495764212e+02 1.275813465989444779e+02 1.363928150600316656e+02 1.347479127853192438e+02 1.314115672229808069e+02 1.367698797250330358e+02 1.366125909277764947e+02 1.343242345967398421e+02 1.352405264704334229e+02 1.361322886019330838e+02 1.351628647225265070e+02 1.327968373117372209e+02 1.327026751802690683e+02 1.277027799227565765e+02 0.000000000000000000e+00 1.432375649052999051e+02 1.427935572776306969e+02 1.372588794941879087e+02 1.308854460969591571e+02 1.436384349678037893e+02 1.440069442770035266e+02 1.332291259447422647e+02 1.321665615804542426e+02 1.284562182223967000e+02 1.300192293470469735e+02 1.376517344605581172e+02 1.248759384349122712e+02 1.284678948220137897e+02 1.369890506573426876e+02 1.367077174120027507e+02 1.375536259064078592e+02 1.376880532217664950e+02
1.411842767449690257e+02 1.411630263206339748e+02 1.416862731530475514e+02 1.415944914182751688e+02 1.433736377441822469e+02 1.245190748439772221e+02 1.416615685357182599e+02 1.130353926874233537e+02 1.412019829889084690e+02 1.418555603422016134e+02 1.413294024610590327e+02 1.252836781069266010e+02 1.427024877148257644e+02 1.456571316482649934e+02 1.447273298309617928e+02 1.422392350935563741e+02 1.457772273024837091e+02 1.222047462253410259e+02 1.444922143231253813e+02 1.450620556865233368e+02 1.447653273404926892e+02 1.226132129910965176e+02 1.439583273034248521e+02 1.437463043003193093e+02 1.432654878189440240e+02 1.432375649052999051e+02 0.000000000000000000e+00 9.095603333479313335e+01 1.246715685310808936e+02 1.442636475346440079e+02 1.099499886311954100e+02 1.108106493077267345e+02 1.452549482806007575e+02 1.429300528230504881e+02 1.420704050814243260e+02 1.432410555671801831e+02 1.235435146011315339e+02 1.407018123550652717e+02 1.425026315546488433e+02 1.236891264420603846e+02 1.231584345467252177e+02 1.248278815008890490e+02 1.249119690021736915e+02
1.402854233340014503e+02 1.399071120422403567e+02 1.407337912514261689e+02 1.409397034195829406e+02 1.422497803161748209e+02 1.227762191957383919e+02 1.405524813014697258e+02 1.111395519155984317e+02 1.402889874509043580e+02 1.405062276199884366e+02 1.401962909637769314e+02 1.233166655403883425e+02 1.417286139070018578e+02 1.450689491242009410e+02 1.446478482384027586e+02 1.411771936255994433e+02 1.458629493737186067e+02 1.202372654379664425e+02 1.435722814473601545e+02 1.439583273034248521e+02 1.443537321997599179e+02 1.202705283932851046e+02 1.425517449910733205e+02 1.431013626769500888e+02 1.427795503564848616e+02 1.427935572776306969e+02 9.095603333479313335e+01 0.000000000000000000e+00 1.228250788723540836e+02 1.436279917007823315e+02 1.054988151592234686e+02 1.072380529476360778e+02 1.437636949998155842e+02 1.422392350935563741e+02 1.412409289122667815e+02 1.420105629874059616e+02 1.209462690619268272e+02 1.397569318495508526e+02 1.420985573466528820e+02 1.216799079552577609e+02 1.204533104567906889e+02 1.233734169098027422e+02 1.230040649734796432e+02
1.350555441290730698e+02 1.344990706287593696e+02 1.353735572406960159e+02 1.349147879218583057e+02 1.373790377022637301e+02 1.077311468424986174e+02 1.358786223068220522e+02 1.120624825711085180e+02 1.345622532510510609e+02 1.348109787814034064e+02 1.355396620919500492e+02 1.079490620616964947e+02 1.361506518530117091e+02 1.412834031300209006e+02 1.397605094438339677e+02 1.362901317043900917e+02 1.410673597966588488e+02 1.108106493077267345e+02 1.391150602918318100e+02 1.397354643603405293e+02 1.395850994913139118e+02 1.123254200971445300e+02 1.383871381306803414e+02 1.381231334715513981e+02 1.373025855546791831e+02 1.372588794941879087e+02 1.246715685310808936e+02 1.228250788723540836e+02 0.000000000000000000e+00 1.391150602918318100e+02 1.248839461259933188e+02 1.257060062208644098e+02 1.397712416772491792e+02 1.374481720504132340e+02 1.363781507427051167e+02 1.373863166403408513e+02 1.110315270542560739e+02 1.347738847106515720e+02 1.365283853270080954e+02 1.107700320483839107e+02 1.086692228738201607e+02 1.101408189546455105e+02 1.106977867890772274e+02
1.290155029444136119e+02 1.273067162407388508e+02 1.295492184461180045e+02 1.287050892544657756e+02 1.305603308819336519e+02 1.384738242412622924e+02 1.314762335937564046e+02 1.385676729977089678e+02 1.273891675143534314e+02 1.275107838576800532e+02 1.285301521044770254e+02 1.381882773609976027e+02 1.283121194587635330e+02 1.368868145585980187e+02 1.359117360642560470e+02 1.323177992561847418e+02 1.368904671626187337e+02 1.378912615070295260e+02 1.355138369318793821e+02 1.365979502042398792e+02 1.367515996250135402e+02 1.368356678647785998e+02 1.338581338582007731e+02 1.340335778825589728e+02 1.305181979648815229e+02 1.308854460969591571e+02 1.442636475346440079e+02 1.436279917007823315e+02 1.391150602918318100e+02 0.000000000000000000e+00 1.452756001536390045e+02 1.449793088685416649e+02 1.343018987207552470e+02 1.334878271603819258e+02 1.293831519170869342e+02 1.294295174989075008e+02 1.391078718117705932e+02 1.264476176129862921e+02 1.285262619078295643e+02 1.391222484004625244e+02 1.385207565673823353e+02 1.388092215956850737e+02 1.383871381306803414e+02
1.412444689182553361e+02 1.411665682801703667e+02 1.416545092822674690e+02 1.416898020324680942e+02 1.436836803537548519e+02 1.241289651934632019e+02 1.415521105459046112e+02 1.126321446124506735e+02 1.407160260951111468e+02 1.414284271283535190e+02 1.416297991243368131e+02 1.248318869520123826e+02 1.425236822426364256e+02 1.468638825579658942e+02 1.460445137620718583e+02 1.420316866054895399e+02 1.472073367736812202e+02 1.217251001231874170e+02 1.446478482384027586e+02 1.451826435907543384e+02 1.454853944559384331e+02 1.215360028962611523e+02 1.438228076488565819e+02 1.440347180370066269e+02 1.437636949998155842e+02 1.436384349678037893e+02 1.099499886311954100e+02 1.054988151592234686e+02 1.248839461259933188e+02 1.452756001536390045e+02 0.000000000000000000e+00 7.508661665037251964e+01 1.449551654822966213e+02 1.433527118683145147e+02 1.428250678277451300e+02 1.440937195022739274e+02 1.226539848516957107e+02 1.411098862589010707e+02 1.427585373979433712e+02 1.231097071720991494e+02 1.224704045882106129e+02 1.245752784464076512e+02 1.248759384349122712e+02
1.415273825095341635e+02 1.412940196894404892e+02 1.416898020324680942e+02 1.422181423025909055e+02 1.434956445332052510e+02 1.238466794064338217e+02 1.418837552364610985e+02 1.136485811614029728e+02 1.415874288204994684e+02 1.416898020324680942e+02 1.419189909772472902e+02 1.257258923213512105e+02 1.432724676970422024e+02 1.465980900284857000e+02 1.458252378705414571e+02 1.420668856560176607e+02 1.467719319216041356e+02 1.223723825052041718e+02 1.449241180756329470e+02 1.450999655410021205e+02 1.452239649644644430e+02 1.222252019838789181e+02 1.439826378422065147e+02 1.442081828468828633e+02 1.442497833620556946e+02 1.440069442770035266e+02 1.108106493077267345e+02 1.072380529476360778e+02 1.257060062208644098e+02 1.449793088685416649e+02 7.508661665037251964e+01 0.000000000000000000e+00 1.452652745841207604e+02 1.431223253025187603e+02 1.426569311319993290e+02 1.441422908101574478e+02 1.236122971228995482e+02 1.414496376806953890e+02 1.428845687959340012e+02 1.234989878501034468e+02 1.223723825052041718e+02 1.249119690021736915e+02 1.253714481052205088e+02
1.269015366337224435e+02 1.248919533036456215e+02 1.275225470260063503e+02 1.275695888525161052e+02 1.315484701545403823e+02 1.392192515423064663e+02 1.096676798332124889e+02 1.379347671908717814e+02 1.285962674419440646e+02 1.287322803340327653e+02 1.274323349860623154e+02 1.387984149765406983e+02 1.303572015655445000e+02 1.212724206074901474e+02 1.208345976945344944e+02 1.112969002263764793e+02 1.240241911886548110e+02 1.378586232340944377e+02 1.148520787796198306e+02 1.152649122673504678e+02 1.193566085309062430e+02 1.366930868771350731e+02 1.123610252712211661e+02 1.133401958706618728e+02 1.325895923517377639e+02 1.332291259447422647e+02 1.452549482806007575e+02 1.437636949998155842e+02 1.397712416772491792e+02 1.343018987207552470e+02 1.449551654822966213e+02 1.452652745841207604e+02 0.000000000000000000e+00 1.123209686567917771e+02 1.307096017896160447e+02 1.320113631472684972e+02 1.392192515423064663e+02 1.269881884271131725e+02 1.315294643796590606e+02 1.387299535068040086e+02 1.380905500025255037e+02 1.393664235029370388e+02 1.395134402127623048e+02
1.266649122685521007e+02 1.258967831201417198e+02 1.275382295627471905e+02 1.277810627597063018e+02 1.311907008899640061e+02 1.371787155501902191e+02 1.110900535601635255e+02 1.364697768738558352e+02 1.284328618383939897e+02 1.281093283098463473e+02 1.273302791954843656e+02 1.367077174120027507e+02 1.301038047099315236e+02 1.201207725582881807e+02 1.209669376317347371e+02 1.135473469527139656e+02 1.218605760695394054e+02 1.362020557847788211e+02 1.152952731034538090e+02 1.158360910942699178e+02 1.185580026822314466e+02 1.352959718543017118e+02 1.132563464005439329e+02 1.124988888834018610e+02 1.310801281659428241e+02 1.321665615804542426e+02 1.429300528230504881e+02 1.422392350935563741e+02 1.374481720504132340e+02 1.334878271603819258e+02 1.433527118683145147e+02 1.431223253025187603e+02 1.123209686567917771e+02 0.000000000000000000e+00 1.311220805204066266e+02 1.308319532835920143e+02 1.372078714943133377e+02 1.273106437027163906e+02 1.301921656629153574e+02 1.374408963882293619e+02 1.365027472251016718e+02 1.380905500025255037e+02 1.371714255958579827e+02
1.243663941746322337e+02 1.225520297669524581e+02 1.250719792759353481e+02 1.239556372255816399e+02 1.279062156425558499e+02 1.366638211085874843e+02 1.275382295627471905e+02 1.353698637068088431e+02 1.221147001797899776e+02 1.237861058439112583e+02 1.238628273534881004e+02 1.357203006185883680e+02 1.242899835063147833e+02 1.341640786499873741e+02 1.332816566523690938e+02 1.293908806678430494e+02 1.360698350112911612e+02 1.352035502492445573e+02 1.307134270073277378e+02 1.323518039166825986e+02 1.334503653048578258e+02 1.338656042454520900e+02 1.311030129325790767e+02 1.312592853858347155e+02 1.278240978845538365e+02 1.284562182223967000e+02 1.420704050814243260e+02 1.412409289122667815e+02 1.363781507427051167e+02 1.293831519170869342e+02 1.428250678277451300e+02 1.426569311319993290e+02 1.307096017896160447e+02 1.311220805204066266e+02 0.000000000000000000e+00 1.252836781069266010e+02 1.356060470628061694e+02 1.231218908236874086e+02 1.273773920285699717e+02 1.362534403235382570e+02 1.352701001699932135e+02 1.366162508635045185e+02 1.358712625980932103e+02
1.254711122131305530e+02 1.236648697084179958e+02 1.249439874503771364e+02 1.245110436868955048e+02 1.281405478371307822e+02 1.370948576716136245e+02 1.288177006470772312e+02 1.366418676687346760e+02 1.237739875741264086e+02 1.238587905640935958e+02 1.249959999359979577e+02 1.372370212442692150e+02 1.252597301609739162e+02 1.347367804276174752e+02 1.335814358359723713e+02 1.291200991325517862e+02 1.354289481610190933e+02 1.363598181283621500e+02 1.323631368621943807e+02 1.333454161191902472e+02 1.341827112559587647e+02 1.353809440061635883e+02 1.306828221305309796e+02 1.312440474840668685e+02 1.280976190254916389e+02 1.300192293470469735e+02 1.432410555671801831e+02 1.420105629874059616e+02 1.373863166403408513e+02 1.294295174989075008e+02 1.440937195022739274e+02 1.441422908101574478e+02 1.320113631472684972e+02 1.308319532835920143e+02 1.252836781069266010e+02 0.000000000000000000e+00 1.373499180924400775e+02 1.223478647136924877e+02 1.267793358556511834e+02 1.377933234957340005e+02 1.364771043069129632e+02 1.376589989793620532e+02 1.374809077654057319e+02
1.346848172586650492e+02 1.343726162579266088e+02 1.353513945255090505e+02 1.355949851580064944e+02 1.375608956062732204e+02 1.102995920210043153e+02 1.355027674994130962e+02 1.111845312981981380e+02 1.340111935623289696e+02 1.350851583261462565e+02 1.359154148726331925e+02 1.117362966989688573e+02 1.355912976558599041e+02 1.404955515310004444e+02 1.401962909637769314e+02 1.364661130097871649e+02 1.410319112825179104e+02 1.082173738361821478e+02 1.387263493356615243e+02 1.391402170474086972e+02 1.394489153776392811e+02 1.088898526034451066e+02 1.378296049475583516e+02 1.379565148878442642e+02 1.375354499756335542e+02 1.376517344605581172e+02 1.235435146011315339e+02 1.209462690619268272e+02 1.110315270542560739e+02 1.391078718117705932e+02 1.226539848516957107e+02 1.236122971228995482e+02 1.392192515423064663e+02 1.372078714943133377e+02 1.356060470628061694e+02 1.373499180924400775e+02 0.000000000000000000e+00 1.346254062203713602e+02 1.371787155501902191e+02 1.088209538645935623e+02 1.087704003853989718e+02 1.119062107302360545e+02 1.126676528556444197e+02
