0.000000000000000000e+00 1.226295233620354566e+02 1.378404875209022293e+02 1.340223861897705433e+02 1.323782459469832986e+02 1.531306631605832251e+02 1.380941707676323347e+02 1.368977720782920642e+02 1.368941196691808102e+02 1.359043781487557396e+02 1.304300578854429489e+02 1.244909635274785700e+02 1.408403351316660235e+02 1.425271903883606228e+02 1.281483515305600918e+02 1.423446521650883767e+02 1.308281315314103210e+02 1.345436732068810386e+02 1.338133027766671717e+02 1.498632710172842906e+02 1.453100134195850899e+02 1.482430436816513861e+02 1.497531301843136760e+02 1.400749799214692075e+02 1.375754338535772092e+02 1.445959888793599930e+02 1.482093114483702152e+02 1.557465890477220114e+02 1.547384890710775949e+02 1.562465999630071849e+02 1.310953851209110894e+02 1.470340096712321838e+02 1.427235089254745048e+02 1.463898903613224149e+02 1.493921015315066825e+02 1.647391878090941759e+02 1.440555448429528553e+02 1.549645120664728211e+02 1.344284196143062502e+02
1.226295233620354566e+02 0.000000000000000000e+00 1.487279395406256413e+02 1.464035518694816460e+02 1.451413104529513305e+02 1.578828679749642845e+02 1.486606874731850496e+02 1.481046927008054013e+02 1.483441943589299967e+02 1.484385394700446454e+02 1.387515765676195940e+02 1.329210291865060753e+02 1.517695621658045013e+02 1.524532715293443630e+02 1.431572561905263683e+02 1.506452787179206609e+02 1.449344679501739392e+02 1.454991408909344841e+02 1.448447444679992486e+02 1.571846048441131529e+02 1.534763825479347190e+02 1.554863338046144747e+02 1.570095538494393566e+02 1.504293854271830639e+02 1.482666516786563307e+02 1.532514273995514884e+02 1.556984264531918711e+02 1.605272562526376703e+02 1.585749034368301409e+02 1.608073381410189313e+02 1.442705791213163593e+02 1.535610627730871158e+02 1.522629304853942358e+02 1.549774177098069856e+02 1.569203619674642596e+02 1.659427612160289414e+02 1.524991803256660035e+02 1.585307541141465606e+02 1.457840869230932128e+02
1.378404875209022293e+02 1.487279395406256413e+02 0.000000000000000000e+00 1.244186481199663206e+02 1.225805857385254996e+02 1.537367880502256412e+02 1.396424004376894175e+02 1.382425404859155549e+02 1.377969520707914626e+02 1.334990636671283823e+02 1.544797721386201488e+02 1.506851021169644298e+02 1.422884394460772910e+02 1.448654548192908464e+02 1.446789549312545944e+02 1.537530487502605467e+02 1.459040780787157985e+02 1.364844313465825394e+02 1.353366173657373395e+02 1.497898527938391453e+02 1.456742942320298368e+02 1.536033853793593948e+02 1.545574326908932505e+02 1.469047310334149756e+02 1.390647331281371351e+02 1.451757555516760476e+02 1.490100667740270524e+02 1.592953232207399026e+02 1.588143570336133052e+02 1.601218286180869086e+02 1.330488632044633448e+02 1.476922475961416126e+02 1.482228052628879311e+02 1.516575088810310206e+02 1.468059944280205400e+02 1.608632960000509229e+02 1.443537321997599179e+02 1.538375766839818652e+02 1.360110289645659520e+02
1.340223861897705433e+02 1.464035518694816460e+02 1.244186481199663206e+02 0.000000000000000000e+00 1.172689217141523841e+02 1.521939552019067605e+02 1.361616686149226041e+02 1.354363319054381236e+02 1.347070896426761806e+02 1.293445012360401734e+02 1.523023309079673879e+02 1.485530208376793553e+02 1.393413075868028557e+02 1.420140838086138615e+02 1.418943268774336843e+02 1.530098036074813024e+02 1.438888459888395914e+02 1.335365118609887816e+02 1.320833070452129334e+02 1.483677862610344391e+02 1.436488774756002158e+02 1.510033112219728650e+02 1.523154621172781731e+02 1.450275835832618441e+02 1.352885804493490980e+02 1.433666627915987988e+02 1.454785207513466503e+02 1.578765340384694298e+02 1.568374955168565634e+02 1.582371637764024115e+02 1.295530779256131666e+02 1.451034114002837612e+02 1.459520469195276462e+02 1.496729768528708178e+02 1.443121616496683259e+02 1.596464844586312779e+02 1.417885749981288086e+02 1.523351568089257455e+02 1.332779051456016930e+02
1.323782459469832986e+02 1.451413104529513305e+02 1.225805857385254996e+02 1.172689217141523841e+02 0.000000000000000000e+00 1.513836186646362307e+02 1.344990706287593696e+02 1.334128929301812150e+02 1.332366315995717514e+02 1.272713636290583565e+02 1.519802618763370958e+02 1.475940378199607323e+02 1.381158933649563778e+02 1.404919926543858253e+02 1.402212537385114217e+02 1.511158495989087100e+02 1.423516771941939680e+02 1.322573249389235173e+02 1.299538379579456659e+02 1.473533168951415178e+02 1.423832855359083283e+02 1.497865147468222631e+02 1.514199458459816015e+02 1.423270880753203755e+02 1.335177890769615772e+02 1.416827441857334975e+02 1.448723576117956213e+02 1.575531656298914243e+02 1.551644289133305108e+02 1.575595125658873030e+02 1.269251748078370809e+02 1.439201167314701593e+02 1.441943133414074794e+02 1.485126257258957878e+02 1.432968945930092275e+02 1.606019925156596457e+02 1.403994301982739614e+02 1.518617792599573022e+02 1.308701646671234187e+02
1.531306631605832251e+02 1.578828679749642845e+02 1.537367880502256412e+02 1.521939552019067605e+02 1.513836186646362307e+02 0.000000000000000000e+00 1.275186260904657019e+02 1.261348484757483703e+02 1.451447553306697955e+02 1.521545267154415058e+02 1.617559890699568541e+02 1.596276918332154651e+02 1.344804818551748156e+02 1.374154285369732520e+02 1.580790941269591201e+02 1.614341971206844448e+02 1.589622596719108003e+02 1.504626199426289475e+02 1.495158854436544402e+02 1.460547842420781421e+02 1.430034964607509096e+02 1.626191870598300682e+02 1.635756705625870211e+02 1.594365077389742567e+02 1.272792206135785591e+02 1.402390815714364294e+02 1.421794640586325897e+02 1.656140090692813374e+02 1.645387492355524159e+02 1.656864508642755709e+02 1.228942634950875146e+02 1.359558751948587201e+02 1.608570794214541309e+02 1.626929623554749753e+02 1.570573143791781376e+02 1.630828010551695115e+02 1.328420114271084174e+02 1.407728667037792434e+02 1.255627333248205417e+02
1.380941707676323347e+02 1.486606874731850496e+02 1.396424004376894175e+02 1.361616686149226041e+02 1.344990706287593696e+02 1.275186260904657019e+02 0.000000000000000000e+00 9.611971701997462958e+01 1.278827588066507133e+02 1.343651740593521424e+02 1.543243337908834008e+02 1.501066287676863453e+02 1.134195750300626031e+02 1.176180258293770180e+02 1.447204201210043379e+02 1.540000000000000000e+02 1.466287829861518048e+02 1.363231455036157911e+02 1.345585374474618732e+02 1.338543985082298207e+02 1.265108690982715558e+02 1.535578067048367359e+02 1.554091374404993076e+02 1.471835588644329391e+02 1.024255827418130878e+02 1.240322538697092227e+02 1.273891675143534314e+02 1.600093747253579011e+02 1.585622905989945650e+02 1.603527361787132008e+02 9.215204826806618144e+01 1.175712549903249027e+02 1.491174034108695139e+02 1.530686120666154011e+02 1.483981131955524688e+02 1.624838453508532723e+02 1.121873433146538162e+02 1.308281315314103210e+02 9.877752780870758897e+01
1.368977720782920642e+02 1.481046927008054013e+02 1.382425404859155549e+02 1.354363319054381236e+02 1.334128929301812150e+02 1.261348484757483703e+02 9.611971701997462958e+01 0.000000000000000000e+00 1.261467399499487669e+02 1.342348687934696159e+02 1.535219853962291552e+02 1.496763174319838754e+02 1.117362966989688573e+02 1.161507640956356369e+02 1.438297604809241079e+02 1.532938354924946225e+02 1.454750837772571970e+02 1.345845459181699653e+02 1.334803356303841610e+02 1.318635658550154517e+02 1.262378707044759949e+02 1.524565511875432549e+02 1.544117871148443157e+02 1.462737160258123765e+02 9.968951800465282531e+01 1.212311841070604999e+02 1.255587511884376823e+02 1.602248420189578439e+02 1.583824485225556771e+02 1.599062225180746282e+02 8.908984229416954292e+01 1.154902593295209527e+02 1.481856943162868276e+02 1.519440686568580645e+02 1.473125928086258227e+02 1.624561479292181048e+02 1.104762417898074602e+02 1.289612344854064929e+02 9.544631999192006333e+01
1.368941196691808102e+02 1.483441943589299967e+02 1.377969520707914626e+02 1.347070896426761806e+02 1.332366315995717514e+02 1.451447553306697955e+02 1.278827588066507133e+02 1.261467399499487669e+02 0.000000000000000000e+00 1.329285522376588631e+02 1.543048929878764284e+02 1.503329637837290704e+02 1.298768647604337616e+02 1.324537655183875984e+02 1.441873780883749987e+02 1.537270308046050786e+02 1.463898903613224149e+02 1.337460279784039017e+02 1.330037593453658644e+02 1.378441148544253281e+02 1.336375695678427178e+02 1.541363033162531906e+02 1.548095604282887905e+02 1.476990182770352646e+02 1.265108690982715558e+02 1.327704786464219922e+02 1.362057267518513584e+02 1.603153143027826957e+02 1.592168332809065703e+02 1.604774127408589663e+02 1.193314711214103880e+02 1.372406645276828954e+02 1.494054885203351546e+02 1.528332424572612354e+02 1.460547842420781421e+02 1.617498068005028529e+02 1.342907293896343504e+02 1.467310464761974060e+02 1.228942634950875146e+02
1.359043781487557396e+02 1.484385394700446454e+02 1.334990636671283823e+02 1.293445012360401734e+02 1.272713636290583565e+02 1.521545267154415058e+02 1.343651740593521424e+02 1.342348687934696159e+02 1.329285522376588631e+02 0.000000000000000000e+00 1.539805182482511441e+02 1.500066665185250940e+02 1.380072461865680395e+02 1.400714103591450339e+02 1.427235089254745048e+02 1.532057440176444629e+02 1.446029045351441198e+02 1.333191659139825163e+02 1.319848476151713328e+02 1.468638825579658942e+02 1.410070920202242917e+02 1.529248181296940459e+02 1.545315501766548607e+02 1.462019151721344485e+02 1.336600164596727893e+02 1.414354976658971452e+02 1.454785207513466503e+02 1.602404443328836976e+02 1.588521325006371967e+02 1.596464844586312779e+02 1.273734666247252676e+02 1.445164350515193235e+02 1.485530208376793553e+02 1.516311313681989361e+02 1.281795615533147270e+02 1.504692659648474660e+02 1.409467984737503627e+02 1.527939789389621126e+02 1.305411812417828514e+02
1.304300578854429489e+02 1.387515765676195940e+02 1.544797721386201488e+02 1.523023309079673879e+02 1.519802618763370958e+02 1.617559890699568541e+02 1.543243337908834008e+02 1.535219853962291552e+02 1.543048929878764284e+02 1.539805182482511441e+02 0.000000000000000000e+00 1.387299535068040086e+02 1.573022568178854783e+02 1.572641090649738942e+02 1.500466594096649544e+02 1.562241978696002036e+02 1.509105695436870178e+02 1.519144496089822383e+02 1.514067369703211057e+02 1.597153718337718544e+02 1.584581963799916480e+02 1.600437440201896777e+02 1.604680653588121118e+02 1.565790535161073080e+02 1.542562802611290635e+02 1.573086138773080620e+02 1.583414033031158965e+02 1.625761360101783168e+02 1.624623033198778614e+02 1.633064603743526106e+02 1.513538899401003164e+02 1.579461933697675420e+02 1.569394787808344915e+02 1.592482338991550535e+02 1.596558799418298804e+02 1.674186369553879672e+02 1.564161117020877612e+02 1.617405329532458325e+02 1.532220610747682201e+02
1.244909635274785700e+02 1.329210291865060753e+02 1.506851021169644298e+02 1.485530208376793553e+02 1.475940378199607323e+02 1.596276918332154651e+02 1.501066287676863453e+02 1.496763174319838754e+02 1.503329637837290704e+02 1.500066665185250940e+02 1.387299535068040086e+02 0.000000000000000000e+00 1.537400403278209069e+02 1.539870124393612514e+02 1.448585516978545513e+02 1.519934209102486022e+02 1.455197581086499667e+02 1.472073367736812202e+02 1.473431369287351629e+02 1.575785518400267620e+02 1.551160855617495145e+02 1.568438714135812120e+02 1.579050347519039690e+02 1.517003625572463932e+02 1.499366532906480529e+02 1.542076522096098756e+02 1.564864211361484365e+02 1.617992583419343191e+02 1.604680653588121118e+02 1.617127082204735018e+02 1.460068491544146809e+02 1.555345620754435458e+02 1.539545387443968707e+02 1.564225047747286226e+02 1.579683512606243596e+02 1.665442884040158162e+02 1.538570765353352101e+02 1.599749980465697661e+02 1.481451990447209823e+02
1.408403351316660235e+02 1.517695621658045013e+02 1.422884394460772910e+02 1.393413075868028557e+02 1.381158933649563778e+02 1.344804818551748156e+02 1.134195750300626031e+02 1.117362966989688573e+02 1.298768647604337616e+02 1.380072461865680395e+02 1.573022568178854783e+02 1.537400403278209069e+02 0.000000000000000000e+00 9.727281223445737623e+01 1.476346842716846197e+02 1.564800306748436185e+02 1.494724054800751389e+02 1.390755190534984251e+02 1.370620297529552829e+02 1.348666007579341226e+02 1.279101246969918293e+02 1.558524943656661605e+02 1.568119893375503295e+02 1.492079086375785835e+02 1.125299960010663085e+02 1.228983319658977251e+02 1.281171339048762832e+02 1.619351722140684160e+02 1.605615146914103946e+02 1.617312585742162696e+02 1.040288421544717608e+02 1.266214831693263676e+02 1.509768194127827030e+02 1.544474020500182974e+02 1.509370729807624230e+02 1.650242406436096871e+02 1.214331091589110230e+02 1.367991228042051546e+02 1.079305332146561796e+02
1.425271903883606228e+02 1.524532715293443630e+02 1.448654548192908464e+02 1.420140838086138615e+02 1.404919926543858253e+02 1.374154285369732520e+02 1.176180258293770180e+02 1.161507640956356369e+02 1.324537655183875984e+02 1.400714103591450339e+02 1.572641090649738942e+02 1.539870124393612514e+02 9.727281223445737623e+01 0.000000000000000000e+00 1.491777463296721180e+02 1.583792915756349657e+02 1.508641773251688676e+02 1.407977272543843412e+02 1.390107909480411479e+02 1.363194776985299370e+02 1.308701646671234187e+02 1.560256389187366892e+02 1.571814238388239175e+02 1.510331089529709629e+02 1.161077086157503970e+02 1.270275560656033349e+02 1.308587024236447292e+02 1.624038176891171474e+02 1.611272788822550694e+02 1.616756011276902711e+02 1.092062269286875420e+02 1.295723735986958047e+02 1.524532715293443630e+02 1.557176932785738472e+02 1.513406752991409121e+02 1.638383349524768562e+02 1.248358922746178763e+02 1.390683285295397411e+02 1.128405955319272493e+02
1.281483515305600918e+02 1.431572561905263683e+02 1.446789549312545944e+02 1.418943268774336843e+02 1.402212537385114217e+02 1.580790941269591201e+02 1.447204201210043379e+02 1.438297604809241079e+02 1.441873780883749987e+02 1.427235089254745048e+02 1.500466594096649544e+02 1.448585516978545513e+02 1.476346842716846197e+02 1.491777463296721180e+02 0.000000000000000000e+00 1.184736257569590947e+02 9.984988733093292979e+01 1.419647843657010640e+02 1.399214065109409830e+02 1.558749498797032516e+02 1.509735076097790056e+02 1.531012736720371095e+02 1.552675110897318405e+02 1.470476113372808129e+02 1.441353530539957433e+02 1.500799786780368663e+02 1.528136119591445379e+02 1.621449968392487904e+02 1.600062498779344651e+02 1.618486947738535093e+02 1.378985134075055896e+02 1.519177408994749499e+02 1.500866416440850344e+02 1.526368238663265799e+02 1.542141368357648332e+02 1.678779318433486196e+02 1.490972836774701307e+02 1.592231138999611346e+02 1.407586587034701608e+02
1.423446521650883767e+02 1.506452787179206609e+02 1.537530487502605467e+02 1.530098036074813024e+02 1.511158495989087100e+02 1.614341971206844448e+02 1.540000000000000000e+02 1.532938354924946225e+02 1.537270308046050786e+02 1.532057440176444629e+02 1.562241978696002036e+02 1.519934209102486022e+02 1.564800306748436185e+02 1.583792915756349657e+02 1.184736257569590947e+02 0.000000000000000000e+00 1.193230908081080486e+02 1.517432041311899980e+02 1.504792344478134396e+02 1.609316625154913254e+02 1.577498019016188948e+02 1.606362350156402385e+02 1.605615146914103946e+02 1.564768353463221047e+02 1.534894133157072247e+02 1.578733669749270803e+02 1.591100248255904148e+02 1.653692837258479642e+02 1.634502982560753708e+02 1.644171523898890541e+02 1.498799519615615452e+02 1.585591372327687623e+02 1.585875152715370575e+02 1.601561737804696577e+02 1.595807005875083746e+02 1.680029761641144148e+02 1.557433786714542805e+02 1.619506097549496815e+02 1.515354743946116400e+02
1.308281315314103210e+02 1.449344679501739392e+02 1.459040780787157985e+02 1.438888459888395914e+02 1.423516771941939680e+02 1.589622596719108003e+02 1.466287829861518048e+02 1.454750837772571970e+02 1.463898903613224149e+02 1.446029045351441198e+02 1.509105695436870178e+02 1.455197581086499667e+02 1.494724054800751389e+02 1.508641773251688676e+02 9.984988733093292979e+01 1.193230908081080486e+02 0.000000000000000000e+00 1.446582178792480420e+02 1.420563268566380941e+02 1.563041906028114170e+02 1.527645246776881720e+02 1.549580588417395006e+02 1.570095538494393566e+02 1.485429230895905164e+02 1.457978051961002564e+02 1.513737097385143784e+02 1.542984121758872789e+02 1.624961538006361650e+02 1.605677427131614081e+02 1.621758305050416595e+02 1.400357097314824273e+02 1.534177303964571024e+02 1.515915564930975847e+02 1.540908822740657911e+02 1.560192295840483894e+02 1.676573887426378917e+02 1.508575487007528011e+02 1.598311609167623999e+02 1.427550349374760117e+02
1.345436732068810386e+02 1.454991408909344841e+02 1.364844313465825394e+02 1.335365118609887816e+02 1.322573249389235173e+02 1.504626199426289475e+02 1.363231455036157911e+02 1.345845459181699653e+02 1.337460279784039017e+02 1.333191659139825163e+02 1.519144496089822383e+02 1.472073367736812202e+02 1.390755190534984251e+02 1.407977272543843412e+02 1.419647843657010640e+02 1.517432041311899980e+02 1.446582178792480420e+02 0.000000000000000000e+00 1.219180052330253687e+02 1.456262339003519060e+02 1.415733025679629975e+02 1.521840990379743914e+02 1.530228741071085778e+02 1.457154761856131699e+02 1.355027674994130962e+02 1.418520355863813336e+02 1.445337330867780565e+02 1.579588554022850531e+02 1.562369994591549869e+02 1.578385250818063241e+02 1.301383878799795184e+02 1.442740447897680554e+02 1.478377489006106202e+02 1.511026141401928271e+02 1.463283977907227609e+02 1.603589723090042867e+02 1.402782948285300506e+02 1.505523164883224183e+02 1.331953452640143780e+02
1.338133027766671717e+02 1.448447444679992486e+02 1.353366173657373395e+02 1.320833070452129334e+02 1.299538379579456659e+02 1.495158854436544402e+02 1.345585374474618732e+02 1.334803356303841610e+02 1.330037593453658644e+02 1.319848476151713328e+02 1.514067369703211057e+02 1.473431369287351629e+02 1.370620297529552829e+02 1.390107909480411479e+02 1.399214065109409830e+02 1.504792344478134396e+02 1.420563268566380941e+02 1.219180052330253687e+02 0.000000000000000000e+00 1.449379177441155377e+02 1.399392725434857994e+02 1.509834428008581426e+02 1.526171681037228609e+02 1.448205786482018027e+02 1.328194262899821467e+02 1.402569071382939114e+02 1.424429710445552359e+02 1.574134682929005180e+02 1.560576816436794445e+02 1.577561409264311294e+02 1.271062547634851825e+02 1.427760484114895121e+02 1.475601572240962298e+02 1.499933331851786136e+02 1.461984952042940904e+02 1.595462315443395198e+02 1.389028437433877627e+02 1.500399946680884113e+02 1.306942997991878883e+02
1.498632710172842906e+02 1.571846048441131529e+02 1.497898527938391453e+02 1.483677862610344391e+02 1.473533168951415178e+02 1.460547842420781421e+02 1.338543985082298207e+02 1.318635658550154517e+02 1.378441148544253281e+02 1.468638825579658942e+02 1.597153718337718544e+02 1.575785518400267620e+02 1.348666007579341226e+02 1.363194776985299370e+02 1.558749498797032516e+02 1.609316625154913254e+02 1.563041906028114170e+02 1.456262339003519060e+02 1.449379177441155377e+02 0.000000000000000000e+00 1.354843164355195881e+02 1.606082189677726433e+02 1.624222891108236979e+02 1.573594611073639840e+02 1.327554142022087262e+02 1.347627544984147221e+02 1.380108691371806344e+02 1.634808857328586953e+02 1.636978924726888351e+02 1.641097193952874989e+02 1.276753695902228429e+02 1.392838827718412062e+02 1.579905060438759392e+02 1.605708566334501484e+02 1.552256422115882231e+02 1.648393156986524275e+02 1.376989469821755847e+02 1.464206269621872707e+02 1.301460717809031564e+02
1.453100134195850899e+02 1.534763825479347190e+02 1.456742942320298368e+02 1.436488774756002158e+02 1.423832855359083283e+02 1.430034964607509096e+02 1.265108690982715558e+02 1.262378707044759949e+02 1.336375695678427178e+02 1.410070920202242917e+02 1.584581963799916480e+02 1.551160855617495145e+02 1.279101246969918293e+02 1.308701646671234187e+02 1.509735076097790056e+02 1.577498019016188948e+02 1.527645246776881720e+02 1.415733025679629975e+02 1.399392725434857994e+02 1.354843164355195881e+02 0.000000000000000000e+00 1.570318439043495289e+02 1.586284968093690395e+02 1.530816775450282421e+02 1.263803782238366296e+02 1.303265130355293309e+02 1.329097438113549288e+02 1.633585014622746883e+02 1.610248428038356963e+02 1.628926026558603439e+02 1.196536668890677930e+02 1.353292281807592303e+02 1.545800763358590189e+02 1.577941697275282706e+02 1.518321441592655674e+02 1.628803241647069058e+02 1.321627784211575829e+02 1.430419518882484908e+02 1.224091499847948512e+02
1.482430436816513861e+02 1.554863338046144747e+02 1.536033853793593948e+02 1.510033112219728650e+02 1.497865147468222631e+02 1.626191870598300682e+02 1.535578067048367359e+02 1.524565511875432549e+02 1.541363033162531906e+02 1.529248181296940459e+02 1.600437440201896777e+02 1.568438714135812120e+02 1.558524943656661605e+02 1.560256389187366892e+02 1.531012736720371095e+02 1.606362350156402385e+02 1.549580588417395006e+02 1.521840990379743914e+02 1.509834428008581426e+02 1.606082189677726433e+02 1.570318439043495289e+02 0.000000000000000000e+00 1.399499910682383756e+02 1.340410384919484272e+02 1.523778199082792923e+02 1.570986950932438617e+02 1.587954659302336609e+02 1.529869275461142024e+02 1.519605211888930114e+02 1.527645246776881720e+02 1.489429420952869521e+02 1.584897473024674923e+02 1.432201103197452596e+02 1.463625635195011228e+02 1.601249512099847720e+02 1.688460837567753572e+02 1.561793840428371141e+02 1.627820628939196013e+02 1.511985449665439205e+02
1.497531301843136760e+02 1.570095538494393566e+02 1.545574326908932505e+02 1.523154621172781731e+02 1.514199458459816015e+02 1.635756705625870211e+02 1.554091374404993076e+02 1.544117871148443157e+02 1.548095604282887905e+02 1.545315501766548607e+02 1.604680653588121118e+02 1.579050347519039690e+02 1.568119893375503295e+02 1.571814238388239175e+02 1.552675110897318405e+02 1.605615146914103946e+02 1.570095538494393566e+02 1.530228741071085778e+02 1.526171681037228609e+02 1.624222891108236979e+02 1.586284968093690395e+02 1.399499910682383756e+02 0.000000000000000000e+00 1.382425404859155549e+02 1.543923573238001836e+02 1.591225942473286921e+02 1.607420293513802676e+02 1.546188862978905263e+02 1.533492745336605765e+02 1.541135944684958758e+02 1.509171958393078512e+02 1.597717121395398863e+02 1.449068666419918259e+02 1.465605676844900813e+02 1.612017369633466330e+02 1.703672503740082220e+02 1.576071064387643617e+02 1.635848403734282499e+02 1.530849437403953175e+02
1.400749799214692075e+02 1.504293854271830639e+02 1.469047310334149756e+02 1.450275835832618441e+02 1.423270880753203755e+02 1.594365077389742567e+02 1.471835588644329391e+02 1.462737160258123765e+02 1.476990182770352646e+02 1.462019151721344485e+02 1.565790535161073080e+02 1.517003625572463932e+02 1.492079086375785835e+02 1.510331089529709629e+02 1.470476113372808129e+02 1.564768353463221047e+02 1.485429230895905164e+02 1.457154761856131699e+02 1.448205786482018027e+02 1.573594611073639840e+02 1.530816775450282421e+02 1.340410384919484272e+02 1.382425404859155549e+02 0.000000000000000000e+00 1.464172121029491507e+02 1.517530889306705433e+02 1.553479964466874037e+02 1.483576759052257330e+02 1.470272083663428475e+02 1.489966442575133954e+02 1.410070920202242917e+02 1.542724862054151345e+02 1.341752585240662086e+02 1.389640241213530771e+02 1.567194946393077259e+02 1.678809101714664962e+02 1.515618685553856722e+02 1.599906247253257163e+02 1.440069442770035266e+02
1.375754338535772092e+02 1.482666516786563307e+02 1.390647331281371351e+02 1.352885804493490980e+02 1.335177890769615772e+02 1.272792206135785591e+02 1.024255827418130878e+02 9.968951800465282531e+01 1.265108690982715558e+02 1.336600164596727893e+02 1.542562802611290635e+02 1.499366532906480529e+02 1.125299960010663085e+02 1.161077086157503970e+02 1.441353530539957433e+02 1.534894133157072247e+02 1.457978051961002564e+02 1.355027674994130962e+02 1.328194262899821467e+02 1.327554142022087262e+02 1.263803782238366296e+02 1.523778199082792923e+02 1.543923573238001836e+02 1.464172121029491507e+02 0.000000000000000000e+00 1.226662137672798707e+02 1.246795893480564814e+02 1.595242928208741375e+02 1.573626385137209240e+02 1.595556329309623607e+02 8.895504482602434848e+01 1.176265276202609016e+02 1.483205987042932747e+02 1.515882581204758139e+02 1.468638825579658942e+02 1.610341578672052947e+02 1.101589760300993390e+02 1.276518703349073576e+02 9.412757300600074473e+01
1.445959888793599930e+02 1.532514273995514884e+02 1.451757555516760476e+02 1.433666627915987988e+02 1.416827441857334975e+02 1.402390815714364294e+02 1.240322538697092227e+02 1.212311841070604999e+02 1.327704786464219922e+02 1.414354976658971452e+02 1.573086138773080620e+02 1.542076522096098756e+02 1.228983319658977251e+02 1.270275560656033349e+02 1.500799786780368663e+02 1.578733669749270803e+02 1.513737097385143784e+02 1.418520355863813336e+02 1.402569071382939114e+02 1.347627544984147221e+02 1.303265130355293309e+02 1.570986950932438617e+02 1.591225942473286921e+02 1.517530889306705433e+02 1.226662137672798707e+02 0.000000000000000000e+00 1.277419273378948219e+02 1.625761360101783168e+02 1.614310998537766295e+02 1.618857621905027315e+02 1.155508546052343206e+02 1.324046826966478534e+02 1.537335357038274708e+02 1.567418259431731826e+02 1.511753948233640301e+02 1.624469144059067673e+02 1.286468033026860667e+02 1.413081738612455638e+02 1.190000000000000000e+02
1.482093114483702152e+02 1.556984264531918711e+02 1.490100667740270524e+02 1.454785207513466503e+02 1.448723576117956213e+02 1.421794640586325897e+02 1.273891675143534314e+02 1.255587511884376823e+02 1.362057267518513584e+02 1.454785207513466503e+02 1.583414033031158965e+02 1.564864211361484365e+02 1.281171339048762832e+02 1.308587024236447292e+02 1.528136119591445379e+02 1.591100248255904148e+02 1.542984121758872789e+02 1.445337330867780565e+02 1.424429710445552359e+02 1.380108691371806344e+02 1.329097438113549288e+02 1.587954659302336609e+02 1.607420293513802676e+02 1.553479964466874037e+02 1.246795893480564814e+02 1.277419273378948219e+02 0.000000000000000000e+00 1.632329623574846380e+02 1.617776251525531563e+02 1.632574653729500938e+02 1.195240561560726178e+02 1.354437152473306867e+02 1.564928113364955777e+02 1.591602965566475802e+02 1.538245754097829376e+02 1.635878968628180701e+02 1.321665615804542426e+02 1.421970463828275228e+02 1.236244312423721539e+02
1.557465890477220114e+02 1.605272562526376703e+02 1.592953232207399026e+02 1.578765340384694298e+02 1.575531656298914243e+02 1.656140090692813374e+02 1.600093747253579011e+02 1.602248420189578439e+02 1.603153143027826957e+02 1.602404443328836976e+02 1.625761360101783168e+02 1.617992583419343191e+02 1.619351722140684160e+02 1.624038176891171474e+02 1.621449968392487904e+02 1.653692837258479642e+02 1.624961538006361650e+02 1.579588554022850531e+02 1.574134682929005180e+02 1.634808857328586953e+02 1.633585014622746883e+02 1.529869275461142024e+02 1.546188862978905263e+02 1.483576759052257330e+02 1.595242928208741375e+02 1.625761360101783168e+02 1.632329623574846380e+02 0.000000000000000000e+00 1.531045394493579295e+02 1.538245754097829376e+02 1.572609296678612338e+02 1.623453109886454229e+02 1.479019945774903988e+02 1.494824404403406959e+02 1.647391878090941759e+02 1.693221781102522812e+02 1.611427938196430887e+02 1.653209000701363323e+02 1.586820720812530965e+02
1.547384890710775949e+02 1.585749034368301409e+02 1.588143570336133052e+02 1.568374955168565634e+02 1.551644289133305108e+02 1.645387492355524159e+02 1.585622905989945650e+02 1.583824485225556771e+02 1.592168332809065703e+02 1.588521325006371967e+02 1.624623033198778614e+02 1.604680653588121118e+02 1.605615146914103946e+02 1.611272788822550694e+02 1.600062498779344651e+02 1.634502982560753708e+02 1.605677427131614081e+02 1.562369994591549869e+02 1.560576816436794445e+02 1.636978924726888351e+02 1.610248428038356963e+02 1.519605211888930114e+02 1.533492745336605765e+02 1.470272083663428475e+02 1.573626385137209240e+02 1.614310998537766295e+02 1.617776251525531563e+02 1.531045394493579295e+02 0.000000000000000000e+00 1.522793485670332245e+02 1.553061492665374033e+02 1.611241757155021048e+02 1.455472431892820282e+02 1.484318025222357846e+02 1.636948380371232190e+02 1.691301274167319946e+02 1.601499297533408139e+02 1.639390130505853733e+02 1.565918260957448638e+02
1.562465999630071849e+02 1.608073381410189313e+02 1.601218286180869086e+02 1.582371637764024115e+02 1.575595125658873030e+02 1.656864508642755709e+02 1.603527361787132008e+02 1.599062225180746282e+02 1.604774127408589663e+02 1.596464844586312779e+02 1.633064603743526106e+02 1.617127082204735018e+02 1.617312585742162696e+02 1.616756011276902711e+02 1.618486947738535093e+02 1.644171523898890541e+02 1.621758305050416595e+02 1.578385250818063241e+02 1.577561409264311294e+02 1.641097193952874989e+02 1.628926026558603439e+02 1.527645246776881720e+02 1.541135944684958758e+02 1.489966442575133954e+02 1.595556329309623607e+02 1.618857621905027315e+02 1.632574653729500938e+02 1.538245754097829376e+02 1.522793485670332245e+02 0.000000000000000000e+00 1.567832899259356623e+02 1.618517840494815232e+02 1.473872450383682349e+02 1.490268432196025685e+02 1.642528538564855580e+02 1.696172161073279767e+02 1.614589731170119933e+02 1.647998786407320040e+02 1.584613517549310870e+02
1.310953851209110894e+02 1.442705791213163593e+02 1.330488632044633448e+02 1.295530779256131666e+02 1.269251748078370809e+02 1.228942634950875146e+02 9.215204826806618144e+01 8.908984229416954292e+01 1.193314711214103880e+02 1.273734666247252676e+02 1.513538899401003164e+02 1.460068491544146809e+02 1.040288421544717608e+02 1.092062269286875420e+02 1.378985134075055896e+02 1.498799519615615452e+02 1.400357097314824273e+02 1.301383878799795184e+02 1.271062547634851825e+02 1.276753695902228429e+02 1.196536668890677930e+02 1.489429420952869521e+02 1.509171958393078512e+02 1.410070920202242917e+02 8.895504482602434848e+01 1.155508546052343206e+02 1.195240561560726178e+02 1.572609296678612338e+02 1.553061492665374033e+02 1.567832899259356623e+02 0.000000000000000000e+00 1.117273466972164329e+02 1.437428259079387942e+02 1.479729705047513164e+02 1.441041290178737313e+02 1.608757284365792657e+02 1.024792661956553985e+02 1.237255026257723500e+02 8.264986388373546333e+01
1.470340096712321838e+02 1.535610627730871158e+02 1.476922475961416126e+02 1.451034114002837612e+02 1.439201167314701593e+02 1.359558751948587201e+02 1.175712549903249027e+02 1.154902593295209527e+02 1.372406645276828954e+02 1.445164350515193235e+02 1.579461933697675420e+02 1.555345620754435458e+02 1.266214831693263676e+02 1.295723735986958047e+02 1.519177408994749499e+02 1.585591372327687623e+02 1.534177303964571024e+02 1.442740447897680554e+02 1.427760484114895121e+02 1.392838827718412062e+02 1.353292281807592303e+02 1.584897473024674923e+02 1.597717121395398863e+02 1.542724862054151345e+02 1.176265276202609016e+02 1.324046826966478534e+02 1.354437152473306867e+02 1.623453109886454229e+02 1.611241757155021048e+02 1.618517840494815232e+02 1.117273466972164329e+02 0.000000000000000000e+00 1.553737429554942651e+02 1.579335303220946685e+02 1.531437233450982944e+02 1.628926026558603439e+02 1.244869471069155935e+02 1.366930868771350731e+02 1.160603291396332395e+02
1.427235089254745048e+02 1.522629304853942358e+02 1.482228052628879311e+02 1.459520469195276462e+02 1.441943133414074794e+02 1.608570794214541309e+02 1.491174034108695139e+02 1.481856943162868276e+02 1.494054885203351546e+02 1.485530208376793553e+02 1.569394787808344915e+02 1.539545387443968707e+02 1.509768194127827030e+02 1.524532715293443630e+02 1.500866416440850344e+02 1.585875152715370575e+02 1.515915564930975847e+02 1.478377489006106202e+02 1.475601572240962298e+02 1.579905060438759392e+02 1.545800763358590189e+02 1.432201103197452596e+02 1.449068666419918259e+02 1.341752585240662086e+02 1.483205987042932747e+02 1.537335357038274708e+02 1.564928113364955777e+02 1.479019945774903988e+02 1.455472431892820282e+02 1.473872450383682349e+02 1.437428259079387942e+02 1.553737429554942651e+02 0.000000000000000000e+00 1.339178852879629460e+02 1.576959099025716569e+02 1.686683135624471674e+02 1.529378958924177141e+02 1.610714127336070760e+02 1.462839704137127796e+02
1.463898903613224149e+02 1.549774177098069856e+02 1.516575088810310206e+02 1.496729768528708178e+02 1.485126257258957878e+02 1.626929623554749753e+02 1.530686120666154011e+02 1.519440686568580645e+02 1.528332424572612354e+02 1.516311313681989361e+02 1.592482338991550535e+02 1.564225047747286226e+02 1.544474020500182974e+02 1.557176932785738472e+02 1.526368238663265799e+02 1.601561737804696577e+02 1.540908822740657911e+02 1.511026141401928271e+02 1.499933331851786136e+02 1.605708566334501484e+02 1.577941697275282706e+02 1.463625635195011228e+02 1.465605676844900813e+02 1.389640241213530771e+02 1.515882581204758139e+02 1.567418259431731826e+02 1.591602965566475802e+02 1.494824404403406959e+02 1.484318025222357846e+02 1.490268432196025685e+02 1.479729705047513164e+02 1.579335303220946685e+02 1.339178852879629460e+02 0.000000000000000000e+00 1.592293942712839794e+02 1.690177505470948915e+02 1.565950190778748947e+02 1.623699479583583525e+02 1.498299035573339779e+02
1.493921015315066825e+02 1.569203619674642596e+02 1.468059944280205400e+02 1.443121616496683259e+02 1.432968945930092275e+02 1.570573143791781376e+02 1.483981131955524688e+02 1.473125928086258227e+02 1.460547842420781421e+02 1.281795615533147270e+02 1.596558799418298804e+02 1.579683512606243596e+02 1.509370729807624230e+02 1.513406752991409121e+02 1.542141368357648332e+02 1.595807005875083746e+02 1.560192295840483894e+02 1.463283977907227609e+02 1.461984952042940904e+02 1.552256422115882231e+02 1.518321441592655674e+02 1.601249512099847720e+02 1.612017369633466330e+02 1.567194946393077259e+02 1.468638825579658942e+02 1.511753948233640301e+02 1.538245754097829376e+02 1.647391878090941759e+02 1.636948380371232190e+02 1.642528538564855580e+02 1.441041290178737313e+02 1.531437233450982944e+02 1.576959099025716569e+02 1.592293942712839794e+02 0.000000000000000000e+00 1.388344337691482053e+02 1.510231770292228930e+02 1.562817967646904265e+02 1.459349170006958900e+02
1.647391878090941759e+02 1.659427612160289414e+02 1.608632960000509229e+02 1.596464844586312779e+02 1.606019925156596457e+02 1.630828010551695115e+02 1.624838453508532723e+02 1.624561479292181048e+02 1.617498068005028529e+02 1.504692659648474660e+02 1.674186369553879672e+02 1.665442884040158162e+02 1.650242406436096871e+02 1.638383349524768562e+02 1.678779318433486196e+02 1.680029761641144148e+02 1.676573887426378917e+02 1.603589723090042867e+02 1.595462315443395198e+02 1.648393156986524275e+02 1.628803241647069058e+02 1.688460837567753572e+02 1.703672503740082220e+02 1.678809101714664962e+02 1.610341578672052947e+02 1.624469144059067673e+02 1.635878968628180701e+02 1.693221781102522812e+02 1.691301274167319946e+02 1.696172161073279767e+02 1.608757284365792657e+02 1.628926026558603439e+02 1.686683135624471674e+02 1.690177505470948915e+02 1.388344337691482053e+02 0.000000000000000000e+00 1.622436439432990483e+02 1.632880889716087154e+02 1.610589954023059249e+02
1.440555448429528553e+02 1.524991803256660035e+02 1.443537321997599179e+02 1.417885749981288086e+02 1.403994301982739614e+02 1.328420114271084174e+02 1.121873433146538162e+02 1.104762417898074602e+02 1.342907293896343504e+02 1.409467984737503627e+02 1.564161117020877612e+02 1.538570765353352101e+02 1.214331091589110230e+02 1.248358922746178763e+02 1.490972836774701307e+02 1.557433786714542805e+02 1.508575487007528011e+02 1.402782948285300506e+02 1.389028437433877627e+02 1.376989469821755847e+02 1.321627784211575829e+02 1.561793840428371141e+02 1.576071064387643617e+02 1.515618685553856722e+02 1.101589760300993390e+02 1.286468033026860667e+02 1.321665615804542426e+02 1.611427938196430887e+02 1.601499297533408139e+02 1.614589731170119933e+02 1.024792661956553985e+02 1.244869471069155935e+02 1.529378958924177141e+02 1.565950190778748947e+02 1.510231770292228930e+02 1.622436439432990483e+02 0.000000000000000000e+00 1.311945120803457883e+02 1.065035210685543490e+02
1.549645120664728211e+02 1.585307541141465606e+02 1.538375766839818652e+02 1.523351568089257455e+02 1.518617792599573022e+02 1.407728667037792434e+02 1.308281315314103210e+02 1.289612344854064929e+02 1.467310464761974060e+02 1.527939789389621126e+02 1.617405329532458325e+02 1.599749980465697661e+02 1.367991228042051546e+02 1.390683285295397411e+02 1.592231138999611346e+02 1.619506097549496815e+02 1.598311609167623999e+02 1.505523164883224183e+02 1.500399946680884113e+02 1.464206269621872707e+02 1.430419518882484908e+02 1.627820628939196013e+02 1.635848403734282499e+02 1.599906247253257163e+02 1.276518703349073576e+02 1.413081738612455638e+02 1.421970463828275228e+02 1.653209000701363323e+02 1.639390130505853733e+02 1.647998786407320040e+02 1.237255026257723500e+02 1.366930868771350731e+02 1.610714127336070760e+02 1.623699479583583525e+02 1.562817967646904265e+02 1.632880889716087154e+02 1.311945120803457883e+02 0.000000000000000000e+00 1.262180652680114576e+02
1.344284196143062502e+02 1.457840869230932128e+02 1.360110289645659520e+02 1.332779051456016930e+02 1.308701646671234187e+02 1.255627333248205417e+02 9.877752780870758897e+01 9.544631999192006333e+01 1.228942634950875146e+02 1.305411812417828514e+02 1.532220610747682201e+02 1.481451990447209823e+02 1.079305332146561796e+02 1.128405955319272493e+02 1.407586587034701608e+02 1.515354743946116400e+02 1.427550349374760117e+02 1.331953452640143780e+02 1.306942997991878883e+02 1.301460717809031564e+02 1.224091499847948512e+02 1.511985449665439205e+02 1.530849437403953175e+02 1.440069442770035266e+02 9.412757300600074473e+01 1.190000000000000000e+02 1.236244312423721539e+02 1.586820720812530965e+02 1.565918260957448638e+02 1.584613517549310870e+02 8.264986388373546333e+01 1.160603291396332395e+02 1.462839704137127796e+02 1.498299035573339779e+02 1.459349170006958900e+02 1.610589954023059249e+02 1.065035210685543490e+02 1.262180652680114576e+02 0.000000000000000000e+00
