0.000000000000000000e+00 1.498132170404200281e+02 1.536001302082781308e+02 1.527939789389621126e+02 1.448965147959052899e+02 1.560256389187366892e+02 1.523450031999737178e+02 1.544894818426160725e+02 1.535447817413538871e+02 1.538310761842352861e+02 1.498832879276405379e+02 1.445683229480096088e+02 1.418661340842133427e+02 1.604275537431148280e+02 1.554606059424702096e+02 1.560576816436794445e+02 1.539642815720581268e+02 1.598624408671405206e+02 1.536033853793593948e+02 1.518947003683801995e+02 1.446443915262530879e+02 1.504194136406600819e+02 1.468809041366507984e+02 1.568789342136158211e+02 1.575499920660105886e+02 1.498532615594335198e+02 1.521840990379743914e+02 1.436071028884017267e+02 1.493854075872205271e+02 1.502298239365273389e+02 1.563361762357004920e+02 1.582687587617973293e+02 1.458903697986950760e+02 1.524171906315032459e+02 1.444229898596480268e+02 1.558685343486619104e+02 1.571623364550171118e+02 1.517728565982731936e+02 1.510297983842923486e+02 1.498899596370617360e+02 1.530686120666154011e+02 1.509768194127827030e+02 1.461437648344943909e+02 1.503628943589474716e+02 1.547514135638185451e+02
1.498132170404200281e+02 0.000000000000000000e+00 1.384882666510054889e+02 1.370620297529552829e+02 1.420668856560176607e+02 1.583350877095787723e+02 1.519309053484510628e+02 1.555409913816933454e+02 1.537855649922969974e+02 1.530490117576719342e+02 1.398105861514069943e+02 1.498932953804138606e+02 1.465537444079816112e+02 1.612048386370582875e+02 1.555506348428060903e+02 1.554670383071601520e+02 1.538278258313495144e+02 1.630153367017962580e+02 1.523154621172781731e+02 1.602997192761110341e+02 1.444645285182490682e+02 1.528594125332162719e+02 1.482565344259739675e+02 1.578575307041130600e+02 1.578606980853689379e+02 1.461916550285959318e+02 1.500666518584325502e+02 1.380905500025255037e+02 1.404136745477448187e+02 1.319659046875366073e+02 1.432864264332110338e+02 1.477193284577207919e+02 1.419084211736569330e+02 1.516937704719610451e+02 1.423727502017152062e+02 1.549290160041042839e+02 1.572005089050286699e+02 1.373207923076472809e+02 1.349666625504239050e+02 1.310610544746226367e+02 1.367406303919943298e+02 1.449620640029659739e+02 1.332591460275804138e+02 1.526794026710872458e+02 1.460273946901744750e+02
1.536001302082781308e+02 1.384882666510054889e+02 0.000000000000000000e+00 1.414036774627873569e+02 1.473838525755111277e+02 1.612544573027362844e+02 1.566205605915136516e+02 1.590911688309568035e+02 1.587419289286860078e+02 1.563809451307926963e+02 1.462053350599765338e+02 1.541395471642498478e+02 1.524631102922933223e+02 1.618085288234214261e+02 1.593894601283284373e+02 1.595462315443395198e+02 1.587198790322119635e+02 1.647331174961489069e+02 1.565982119949011349e+02 1.618919392681426928e+02 1.506685103132037966e+02 1.565343412801165357e+02 1.533134045020199778e+02 1.609844713008058932e+02 1.601530517973354222e+02 1.507215976560758293e+02 1.540681667314828474e+02 1.443952907819365237e+02 1.459897256658837534e+02 1.412161463856027979e+02 1.496328840863531582e+02 1.531731046887801426e+02 1.476583895347636428e+02 1.553962676514464931e+02 1.474822023160760978e+02 1.587765725792064018e+02 1.606766940162760591e+02 1.436384349678037893e+02 1.425236822426364256e+02 1.399214065109409830e+02 1.442047155955726794e+02 1.494088350801250442e+02 1.414461028095153949e+02 1.556984264531918711e+02 1.501299437154360703e+02
1.527939789389621126e+02 1.370620297529552829e+02 1.414036774627873569e+02 0.000000000000000000e+00 1.466390125444112584e+02 1.612141433001459632e+02 1.562465999630071849e+02 1.581486642371664288e+02 1.577339532250428249e+02 1.568056121444637654e+02 1.462497863246302359e+02 1.530032679389561281e+02 1.512944149663165945e+02 1.627421273057471183e+02 1.586946753990189904e+02 1.589905657578461557e+02 1.571464285308450712e+02 1.647543626129517804e+02 1.556470365924131443e+02 1.623884232326923041e+02 1.502797391533536029e+02 1.566141756036151378e+02 1.530555454728772702e+02 1.613412532491303182e+02 1.600874760872942204e+02 1.493720187987027259e+02 1.536164053739053088e+02 1.442393843580871646e+02 1.455403724057348995e+02 1.388272307582341796e+02 1.483745261155027322e+02 1.517333186877555988e+02 1.471325932619961634e+02 1.555152725618934255e+02 1.460205464994567137e+02 1.585339080449352878e+02 1.602186006679623915e+02 1.433073619881407126e+02 1.417250859939763927e+02 1.392156600386608716e+02 1.430524379379813240e+02 1.496930192093138317e+02 1.396065901023300455e+02 1.550902962792966093e+02 1.502331521336086553e+02
1.448965147959052899e+02 1.420668856560176607e+02 1.473838525755111277e+02 1.466390125444112584e+02 0.000000000000000000e+00 1.565343412801165357e+02 1.505788829816451937e+02 1.537205256301187717e+02 1.526007863675675935e+02 1.482801402750887689e+02 1.439235908390281793e+02 1.453512985838103759e+02 1.434817061509933467e+02 1.584992113545048653e+02 1.545606677004211065e+02 1.543664471314929187e+02 1.531339283111355485e+02 1.608819442945664946e+02 1.481721971221321894e+02 1.559326777811501472e+02 1.406307221058044661e+02 1.491676908717165873e+02 1.452480636703980394e+02 1.557112712683317568e+02 1.539772710499832158e+02 1.422638393970864286e+02 1.465503326505948394e+02 1.336861997365472234e+02 1.433492239253495200e+02 1.408545348932720742e+02 1.504260615717901430e+02 1.533883959105120880e+02 1.384521578018919854e+02 1.460273946901744750e+02 1.354584807237996529e+02 1.542789681064791125e+02 1.559390906732497228e+02 1.433317829373513348e+02 1.437671728872763310e+02 1.428355697996825882e+02 1.463796433934718948e+02 1.428040615668896294e+02 1.380688234178882112e+02 1.466356027709505554e+02 1.494690603436042124e+02
1.560256389187366892e+02 1.583350877095787723e+02 1.612544573027362844e+02 1.612141433001459632e+02 1.565343412801165357e+02 0.000000000000000000e+00 1.293019721427326090e+02 1.363854830984588205e+02 1.306292463424634605e+02 1.633156453007488267e+02 1.587230292049644618e+02 1.556855805782924733e+02 1.557112712683317568e+02 1.666823325970692053e+02 1.373317152008231403e+02 1.371568445247994248e+02 1.357460864997588033e+02 1.444160655882855622e+02 1.598937146982332251e+02 1.616230181626367255e+02 1.551515388257557788e+02 1.574293492332354276e+02 1.570604978981029376e+02 1.385532388650658788e+02 1.644810019424735970e+02 1.584045453893290301e+02 1.608042288001158227e+02 1.550258043036706965e+02 1.592042712994849296e+02 1.588930457886688146e+02 1.638993593642147175e+02 1.633248297106107429e+02 1.567609645288009972e+02 1.614094173212951091e+02 1.560384567983162185e+02 1.369561973771176326e+02 1.383762985485592480e+02 1.595650337636664062e+02 1.595681672514916158e+02 1.575658592462212368e+02 1.603371447918416663e+02 1.604369034854512392e+02 1.561857868053300251e+02 1.599093493201695253e+02 1.621049043058229131e+02
1.523450031999737178e+02 1.519309053484510628e+02 1.566205605915136516e+02 1.562465999630071849e+02 1.505788829816451937e+02 1.293019721427326090e+02 0.000000000000000000e+00 1.251399216876852591e+02 1.186549619695695696e+02 1.590314434317943437e+02 1.518025032731673889e+02 1.518057969907605411e+02 1.493218001498776459e+02 1.652513237465890938e+02 1.280898122412551459e+02 1.277693233918063811e+02 1.254750971308649810e+02 1.404385986828407624e+02 1.566365219225707790e+02 1.613474511729268102e+02 1.485833099644775075e+02 1.540357101454075064e+02 1.511059231135563437e+02 1.310877568653915262e+02 1.632513399638728799e+02 1.543470116328787185e+02 1.573181489847881380e+02 1.474991525399383363e+02 1.536587127370264056e+02 1.523614124376641428e+02 1.597748415740100256e+02 1.613691420315544747e+02 1.509536352659318936e+02 1.579493589730581959e+02 1.499566604055985124e+02 1.280000000000000000e+02 1.306254186596161730e+02 1.525254077195009472e+02 1.537042614893939856e+02 1.512878051926195440e+02 1.558300356157310205e+02 1.541654954910468973e+02 1.491006371549095775e+02 1.561793840428371141e+02 1.582055624812225005e+02
1.544894818426160725e+02 1.555409913816933454e+02 1.590911688309568035e+02 1.581486642371664288e+02 1.537205256301187717e+02 1.363854830984588205e+02 1.251399216876852591e+02 0.000000000000000000e+00 1.256463290351134816e+02 1.615394688613281176e+02 1.548095604282887905e+02 1.545865453394958422e+02 1.533460139684106593e+02 1.659638514857979601e+02 1.347404913157139958e+02 1.339589489358587002e+02 1.332141133664147503e+02 1.432654878189440240e+02 1.592450941159569879e+02 1.622991065902705543e+02 1.522070957610058315e+02 1.566045976336582441e+02 1.542951716678133778e+02 1.370401401050071968e+02 1.641675972900864622e+02 1.568151778368407747e+02 1.594772711078290399e+02 1.511753948233640301e+02 1.568598100215603210e+02 1.560512736250492765e+02 1.608664041992609555e+02 1.631257183892227260e+02 1.543470116328787185e+02 1.600000000000000000e+02 1.535154715330021702e+02 1.350407345951583693e+02 1.365833079113256758e+02 1.560833110873805083e+02 1.570382119103500145e+02 1.550483795465144397e+02 1.580031645252714441e+02 1.568598100215603210e+02 1.531241326506047642e+02 1.582719179134441276e+02 1.603028384028180540e+02
1.535447817413538871e+02 1.537855649922969974e+02 1.587419289286860078e+02 1.577339532250428249e+02 1.526007863675675935e+02 1.306292463424634605e+02 1.186549619695695696e+02 1.256463290351134816e+02 0.000000000000000000e+00 1.603184331260756892e+02 1.539642815720581268e+02 1.530816775450282421e+02 1.518025032731673889e+02 1.660873264279969135e+02 1.243864944437297027e+02 1.241289651934632019e+02 1.229024003020282692e+02 1.366747965061591117e+02 1.582719179134441276e+02 1.609596222659583589e+02 1.504725888658794872e+02 1.551064150833227018e+02 1.532187978023584378e+02 1.270078737716681871e+02 1.638535931861123345e+02 1.559871789603235186e+02 1.589087788638500740e+02 1.499566604055985124e+02 1.554606059424702096e+02 1.538798232387859173e+02 1.603277892319356965e+02 1.627052549858178452e+02 1.538440769090574918e+02 1.595336955003550372e+02 1.516904743218900933e+02 1.252237996548579417e+02 1.268384799656634101e+02 1.550967440019293235e+02 1.560833110873805083e+02 1.536391877093861638e+02 1.575436447464638263e+02 1.552803915502533698e+02 1.518486088181251716e+02 1.573054353797096212e+02 1.592859064700954548e+02
1.538310761842352861e+02 1.530490117576719342e+02 1.563809451307926963e+02 1.568056121444637654e+02 1.482801402750887689e+02 1.633156453007488267e+02 1.590314434317943437e+02 1.615394688613281176e+02 1.603184331260756892e+02 0.000000000000000000e+00 1.537953185243295877e+02 1.550806241927082283e+02 1.536164053739053088e+02 1.596151621870554038e+02 1.617590801160787919e+02 1.620678870103513134e+02 1.607762420259908822e+02 1.660060239870830685e+02 1.573403953217354854e+02 1.617158000938683813e+02 1.528724958911837746e+02 1.577593103433201520e+02 1.556020565416794170e+02 1.634655927099033192e+02 1.572958995015445396e+02 1.486270500279138389e+02 1.522432264503087822e+02 1.422497803161748209e+02 1.534340249097311641e+02 1.508608630493674525e+02 1.579271984174986869e+02 1.589433861473952732e+02 1.498332406377169832e+02 1.514760707174568779e+02 1.491375204299709480e+02 1.620771421268279937e+02 1.630950643030008962e+02 1.533525350295846863e+02 1.547643369772248150e+02 1.525090161269162365e+02 1.560320479901484987e+02 1.508045092164024084e+02 1.491844495917721360e+02 1.561761825631552654e+02 1.575119043120233471e+02
1.498832879276405379e+02 1.398105861514069943e+02 1.462053350599765338e+02 1.462497863246302359e+02 1.439235908390281793e+02 1.587230292049644618e+02 1.518025032731673889e+02 1.548095604282887905e+02 1.539642815720581268e+02 1.537953185243295877e+02 0.000000000000000000e+00 1.501765627519820328e+02 1.472107333043348376e+02 1.614063195788814085e+02 1.557915273691095308e+02 1.560224342843041256e+02 1.546027166643587805e+02 1.624284457845977272e+02 1.531045394493579295e+02 1.590377313721495511e+02 1.457360627984714085e+02 1.530849437403953175e+02 1.489127261183542998e+02 1.576071064387643617e+02 1.585591372327687623e+02 1.478005412709980533e+02 1.507149627608353910e+02 1.396137529042178471e+02 1.444056785587048921e+02 1.412232275512778301e+02 1.506851021169644298e+02 1.548612282012512082e+02 1.423551895787435058e+02 1.519210321186635326e+02 1.427059914649696850e+02 1.553833967964402518e+02 1.570700480677331541e+02 1.432619977523697798e+02 1.411701101508389513e+02 1.407977272543843412e+02 1.448343881818126704e+02 1.475974254518011435e+02 1.386614582355169034e+02 1.519012837338776478e+02 1.489865765765493393e+02
1.445683229480096088e+02 1.498932953804138606e+02 1.541395471642498478e+02 1.530032679389561281e+02 1.453512985838103759e+02 1.556855805782924733e+02 1.518057969907605411e+02 1.545865453394958422e+02 1.530816775450282421e+02 1.550806241927082283e+02 1.501765627519820328e+02 0.000000000000000000e+00 1.419154677968543297e+02 1.608508626025984256e+02 1.546544535407888077e+02 1.552610704587598889e+02 1.531437233450982944e+02 1.584865924928667198e+02 1.529117392484959055e+02 1.535773420788366082e+02 1.439027449355987756e+02 1.482632793378050167e+02 1.468740957418972641e+02 1.561313549547303410e+02 1.573467508403017519e+02 1.508575487007528011e+02 1.522760650923184187e+02 1.445786982926599649e+02 1.494523335381552442e+02 1.508674915281618780e+02 1.565087856958835459e+02 1.580411338860867545e+02 1.472480899706342541e+02 1.533264491208219340e+02 1.453547384848529873e+02 1.543664471314929187e+02 1.561345573535852509e+02 1.512646687101783129e+02 1.519276143431469848e+02 1.507348665704122936e+02 1.533623161014465097e+02 1.516377261765686058e+02 1.478242199370590413e+02 1.512051586421574427e+02 1.546479873777864498e+02
1.418661340842133427e+02 1.465537444079816112e+02 1.524631102922933223e+02 1.512944149663165945e+02 1.434817061509933467e+02 1.557112712683317568e+02 1.493218001498776459e+02 1.533460139684106593e+02 1.518025032731673889e+02 1.536164053739053088e+02 1.472107333043348376e+02 1.419154677968543297e+02 0.000000000000000000e+00 1.600343713081661576e+02 1.532775260760689662e+02 1.535447817413538871e+02 1.522399421965208148e+02 1.592482338991550535e+02 1.508641773251688676e+02 1.526237203058554712e+02 1.393125981381439829e+02 1.468196172178636232e+02 1.439583273034248521e+02 1.557786891715294928e+02 1.564672489692331681e+02 1.472684623400407418e+02 1.511621645783097279e+02 1.410921684573598043e+02 1.478242199370590413e+02 1.460582075749254045e+02 1.554059200931547480e+02 1.569745202254174785e+02 1.449068666419918259e+02 1.513638001637115451e+02 1.428075628249428632e+02 1.537237782517721030e+02 1.550161281931657697e+02 1.473058043662909995e+02 1.494523335381552442e+02 1.469659824585267813e+02 1.503196593929084202e+02 1.481013166720674405e+02 1.434433686163288542e+02 1.498699436177914777e+02 1.524795068197690568e+02
1.604275537431148280e+02 1.612048386370582875e+02 1.618085288234214261e+02 1.627421273057471183e+02 1.584992113545048653e+02 1.666823325970692053e+02 1.652513237465890938e+02 1.659638514857979601e+02 1.660873264279969135e+02 1.596151621870554038e+02 1.614063195788814085e+02 1.608508626025984256e+02 1.600343713081661576e+02 0.000000000000000000e+00 1.668202625582396195e+02 1.672214101124613705e+02 1.659819267269783154e+02 1.663400132259222914e+02 1.622991065902705543e+02 1.633003368030819331e+02 1.605770842928716320e+02 1.628158468945821085e+02 1.620586313653178934e+02 1.661204382368406698e+02 1.616384855162903307e+02 1.583066644206743376e+02 1.584392628107061114e+02 1.548805991723947386e+02 1.594772711078290399e+02 1.579810115172073495e+02 1.610217376629627495e+02 1.621234097840284107e+02 1.591697207385877277e+02 1.604867595784773755e+02 1.586284968093690395e+02 1.665052551723218244e+02 1.673409692812850835e+02 1.613195586406062603e+02 1.612296498786746213e+02 1.607731320836911380e+02 1.611365880239494288e+02 1.565407295242998487e+02 1.581296936062294378e+02 1.616230181626367255e+02 1.616013613804042279e+02
1.554606059424702096e+02 1.555506348428060903e+02 1.593894601283284373e+02 1.586946753990189904e+02 1.545606677004211065e+02 1.373317152008231403e+02 1.280898122412551459e+02 1.347404913157139958e+02 1.243864944437297027e+02 1.617590801160787919e+02 1.557915273691095308e+02 1.546544535407888077e+02 1.532775260760689662e+02 1.668202625582396195e+02 0.000000000000000000e+00 1.050714042925095839e+02 1.027569948957247448e+02 1.223192544123777736e+02 1.598686961227869574e+02 1.618703184651219544e+02 1.534600925322280602e+02 1.572195916544754368e+02 1.551450933803579915e+02 1.195449706177553963e+02 1.644931609520590428e+02 1.575690324905246200e+02 1.599499921850576527e+02 1.522070957610058315e+02 1.568311193609227416e+02 1.564512703687637156e+02 1.622498073958795146e+02 1.638688499990159926e+02 1.550161281931657697e+02 1.611117624507906498e+02 1.539285548558161452e+02 1.061084351029643642e+02 1.098817546274175641e+02 1.565151749831306347e+02 1.569458505345075991e+02 1.553737429554942651e+02 1.583161394173064025e+02 1.573785245832480086e+02 1.536164053739053088e+02 1.590125781188394001e+02 1.604493689610526417e+02
1.560576816436794445e+02 1.554670383071601520e+02 1.595462315443395198e+02 1.589905657578461557e+02 1.543664471314929187e+02 1.371568445247994248e+02 1.277693233918063811e+02 1.339589489358587002e+02 1.241289651934632019e+02 1.620678870103513134e+02 1.560224342843041256e+02 1.552610704587598889e+02 1.535447817413538871e+02 1.672214101124613705e+02 1.050714042925095839e+02 0.000000000000000000e+00 1.041489318236149728e+02 1.232396040240311663e+02 1.592607924129476373e+02 1.616786937107051187e+02 1.535903642810967540e+02 1.576388277043444646e+02 1.554091374404993076e+02 1.209669376317347371e+02 1.642254547870091983e+02 1.576515144234269599e+02 1.595744340425495693e+02 1.522530787866045046e+02 1.567418259431731826e+02 1.561697794069006306e+02 1.618919392681426928e+02 1.633125837160137621e+02 1.552997102379782177e+02 1.611179692026932173e+02 1.542660040319966299e+02 1.062873463776380163e+02 1.094531863400970195e+02 1.559070235749499602e+02 1.570923295390325620e+02 1.555795616396960952e+02 1.586631652274717510e+02 1.575182529105754270e+02 1.531469882172026189e+02 1.589370944745121506e+02 1.600249980471801052e+02
1.539642815720581268e+02 1.538278258313495144e+02 1.587198790322119635e+02 1.571464285308450712e+02 1.531339283111355485e+02 1.357460864997588033e+02 1.254750971308649810e+02 1.332141133664147503e+02 1.229024003020282692e+02 1.607762420259908822e+02 1.546027166643587805e+02 1.531437233450982944e+02 1.522399421965208148e+02 1.659819267269783154e+02 1.027569948957247448e+02 1.041489318236149728e+02 0.000000000000000000e+00 1.208097678170105524e+02 1.582624402693197396e+02 1.613040607052407722e+02 1.519045753096331168e+02 1.567258753365250925e+02 1.534177303964571024e+02 1.179660968244690196e+02 1.637284336943342282e+02 1.564193082710699230e+02 1.584834376204655655e+02 1.503462669972221022e+02 1.550580536444334427e+02 1.546609194334496351e+02 1.604556013356965991e+02 1.629048802215575051e+02 1.539707764480000378e+02 1.601686611044744950e+02 1.517267280343183415e+02 1.033053725611596576e+02 1.076057619275101871e+02 1.549386975548716805e+02 1.555667059495700641e+02 1.536684743205319990e+02 1.575277753286702023e+02 1.560737005392003880e+02 1.511853167473614121e+02 1.577719873741850165e+02 1.596026315572522094e+02
1.598624408671405206e+02 1.630153367017962580e+02 1.647331174961489069e+02 1.647543626129517804e+02 1.608819442945664946e+02 1.444160655882855622e+02 1.404385986828407624e+02 1.432654878189440240e+02 1.366747965061591117e+02 1.660060239870830685e+02 1.624284457845977272e+02 1.584865924928667198e+02 1.592482338991550535e+02 1.663400132259222914e+02 1.223192544123777736e+02 1.232396040240311663e+02 1.208097678170105524e+02 0.000000000000000000e+00 1.624992307674100971e+02 1.628496238865782573e+02 1.593047394147455975e+02 1.609720472628710866e+02 1.602560451277891787e+02 1.320416600925632054e+02 1.653420696616562964e+02 1.622713776363533498e+02 1.634135857265239622e+02 1.601717827833604417e+02 1.624499923053245425e+02 1.640762018087937122e+02 1.658463143998081080e+02 1.662858983798686268e+02 1.620802270482121514e+02 1.641127661091604466e+02 1.609968943799848660e+02 1.233977309353782204e+02 1.254033492375702110e+02 1.630184038690110526e+02 1.632544026971401365e+02 1.616446720433432631e+02 1.635298137955278150e+02 1.630460057775105440e+02 1.610962445248181325e+02 1.614032217770140960e+02 1.641950060141903407e+02
1.536033853793593948e+02 1.523154621172781731e+02 1.565982119949011349e+02 1.556470365924131443e+02 1.481721971221321894e+02 1.598937146982332251e+02 1.566365219225707790e+02 1.592450941159569879e+02 1.582719179134441276e+02 1.573403953217354854e+02 1.531045394493579295e+02 1.529117392484959055e+02 1.508641773251688676e+02 1.622991065902705543e+02 1.598686961227869574e+02 1.592607924129476373e+02 1.582624402693197396e+02 1.624992307674100971e+02 0.000000000000000000e+00 1.590408752491006510e+02 1.500599880047975887e+02 1.561281524901899331e+02 1.526433752247374684e+02 1.604898750700492087e+02 1.588773111554950788e+02 1.522300890100245567e+02 1.544732986635554539e+02 1.470952072638670245e+02 1.535187284991638990e+02 1.529673167706095285e+02 1.586284968093690395e+02 1.602903615318151367e+02 1.467174154625141966e+02 1.547998708009796758e+02 1.481958164051873723e+02 1.596840630745598162e+02 1.599187293596344261e+02 1.535675747024742179e+02 1.541817109776642667e+02 1.526532017351748891e+02 1.554413072513223426e+02 1.529117392484959055e+02 1.501132905508369788e+02 1.544506393641670741e+02 1.566716311270167239e+02
1.518947003683801995e+02 1.602997192761110341e+02 1.618919392681426928e+02 1.623884232326923041e+02 1.559326777811501472e+02 1.616230181626367255e+02 1.613474511729268102e+02 1.622991065902705543e+02 1.609596222659583589e+02 1.617158000938683813e+02 1.590377313721495511e+02 1.535773420788366082e+02 1.526237203058554712e+02 1.633003368030819331e+02 1.618703184651219544e+02 1.616786937107051187e+02 1.613040607052407722e+02 1.628496238865782573e+02 1.590408752491006510e+02 0.000000000000000000e+00 1.548805991723947386e+02 1.559615337190552111e+02 1.557883179188991676e+02 1.615704180844996074e+02 1.606362350156402385e+02 1.585433694608513235e+02 1.588961925283296353e+02 1.558813651467037857e+02 1.591100248255904148e+02 1.610807251039055927e+02 1.635878968628180701e+02 1.629509128541475889e+02 1.566907782864071521e+02 1.588993392056744938e+02 1.556663097783203682e+02 1.620339470604848202e+02 1.627574883069900409e+02 1.607202538574401274e+02 1.609471963098456797e+02 1.597967458992829393e+02 1.612885612807058351e+02 1.588836051957532902e+02 1.585244460643215803e+02 1.567513955280781488e+02 1.610341578672052947e+02
1.446443915262530879e+02 1.444645285182490682e+02 1.506685103132037966e+02 1.502797391533536029e+02 1.406307221058044661e+02 1.551515388257557788e+02 1.485833099644775075e+02 1.522070957610058315e+02 1.504725888658794872e+02 1.528724958911837746e+02 1.457360627984714085e+02 1.439027449355987756e+02 1.393125981381439829e+02 1.605770842928716320e+02 1.534600925322280602e+02 1.535903642810967540e+02 1.519045753096331168e+02 1.593047394147455975e+02 1.500599880047975887e+02 1.548805991723947386e+02 0.000000000000000000e+00 1.450103444585937211e+02 1.398141623727725289e+02 1.553994851986325045e+02 1.575690324905246200e+02 1.460684770920817073e+02 1.497931907664697633e+02 1.385099274420429367e+02 1.464991467551944595e+02 1.446340208941174410e+02 1.540551849176132180e+02 1.559775624889682604e+02 1.410957121956581659e+02 1.505888442083277425e+02 1.408971255916883365e+02 1.526728528586533002e+02 1.546027166643587805e+02 1.463659796537432953e+02 1.471325932619961634e+02 1.456056317592145888e+02 1.494590244849738099e+02 1.463967212747608073e+02 1.409538931707812139e+02 1.496429082850236512e+02 1.531208672911697022e+02
1.504194136406600819e+02 1.528594125332162719e+02 1.565343412801165357e+02 1.566141756036151378e+02 1.491676908717165873e+02 1.574293492332354276e+02 1.540357101454075064e+02 1.566045976336582441e+02 1.551064150833227018e+02 1.577593103433201520e+02 1.530849437403953175e+02 1.482632793378050167e+02 1.468196172178636232e+02 1.628158468945821085e+02 1.572195916544754368e+02 1.576388277043444646e+02 1.567258753365250925e+02 1.609720472628710866e+02 1.561281524901899331e+02 1.559615337190552111e+02 1.450103444585937211e+02 0.000000000000000000e+00 1.465946793031725406e+02 1.577561409264311294e+02 1.604431363443135865e+02 1.535708305636197224e+02 1.562625994920089738e+02 1.477870089013239294e+02 1.530098036074813024e+02 1.537237782517721030e+02 1.586600138661282244e+02 1.603277892319356965e+02 1.492313639956426812e+02 1.565854399361575418e+02 1.489966442575133954e+02 1.569681496355231900e+02 1.587198790322119635e+02 1.539382993280099754e+02 1.543113735276826617e+02 1.522070957610058315e+02 1.549257886860673636e+02 1.533688364694731661e+02 1.498666073546739028e+02 1.537628043448739845e+02 1.567354458953047356e+02
1.468809041366507984e+02 1.482565344259739675e+02 1.533134045020199778e+02 1.530555454728772702e+02 1.452480636703980394e+02 1.570604978981029376e+02 1.511059231135563437e+02 1.542951716678133778e+02 1.532187978023584378e+02 1.556020565416794170e+02 1.489127261183542998e+02 1.468740957418972641e+02 1.439583273034248521e+02 1.620586313653178934e+02 1.551450933803579915e+02 1.554091374404993076e+02 1.534177303964571024e+02 1.602560451277891787e+02 1.526433752247374684e+02 1.557883179188991676e+02 1.398141623727725289e+02 1.465946793031725406e+02 0.000000000000000000e+00 1.565535052306399280e+02 1.585622905989945650e+02 1.490771612286737877e+02 1.520131573252789110e+02 1.428600713985541972e+02 1.492112596287558972e+02 1.495292613504126109e+02 1.556823689439494558e+02 1.584708175027818697e+02 1.454372717015827448e+02 1.535219853962291552e+02 1.437219537857734508e+02 1.548709139896836859e+02 1.566077903553970714e+02 1.495158854436544402e+02 1.515849596760839688e+02 1.485833099644775075e+02 1.525778489820852144e+02 1.500199986668444012e+02 1.450999655410021205e+02 1.510264877430445836e+02 1.552481883952273449e+02
1.568789342136158211e+02 1.578575307041130600e+02 1.609844713008058932e+02 1.613412532491303182e+02 1.557112712683317568e+02 1.385532388650658788e+02 1.310877568653915262e+02 1.370401401050071968e+02 1.270078737716681871e+02 1.634655927099033192e+02 1.576071064387643617e+02 1.561313549547303410e+02 1.557786891715294928e+02 1.661204382368406698e+02 1.195449706177553963e+02 1.209669376317347371e+02 1.179660968244690196e+02 1.320416600925632054e+02 1.604898750700492087e+02 1.615704180844996074e+02 1.553994851986325045e+02 1.577561409264311294e+02 1.565535052306399280e+02 0.000000000000000000e+00 1.645691344086125980e+02 1.594710004985232388e+02 1.605147968257132334e+02 1.551644289133305108e+02 1.590565937017387625e+02 1.584802826852602493e+02 1.625546062097288029e+02 1.648999696785903097e+02 1.578321893657944486e+02 1.622775400355822626e+02 1.560929210438449104e+02 1.202663710269832649e+02 1.239798370703881858e+02 1.590785969261735602e+02 1.591068823150023377e+02 1.575626859380100768e+02 1.603277892319356965e+02 1.601780259586189175e+02 1.562465999630071849e+02 1.594365077389742567e+02 1.623668685415839263e+02
1.575499920660105886e+02 1.578606980853689379e+02 1.601530517973354222e+02 1.600874760872942204e+02 1.539772710499832158e+02 1.644810019424735970e+02 1.632513399638728799e+02 1.641675972900864622e+02 1.638535931861123345e+02 1.572958995015445396e+02 1.585591372327687623e+02 1.573467508403017519e+02 1.564672489692331681e+02 1.616384855162903307e+02 1.644931609520590428e+02 1.642254547870091983e+02 1.637284336943342282e+02 1.653420696616562964e+02 1.588773111554950788e+02 1.606362350156402385e+02 1.575690324905246200e+02 1.604431363443135865e+02 1.585622905989945650e+02 1.645691344086125980e+02 0.000000000000000000e+00 1.543437721451695097e+02 1.551837620371409798e+02 1.505290669605043377e+02 1.557112712683317568e+02 1.572863630452430641e+02 1.605895388871890361e+02 1.622744588652200548e+02 1.540649213805660622e+02 1.563105882530035160e+02 1.535317556728900286e+02 1.636734553921313307e+02 1.649666632989829225e+02 1.578068439580489155e+02 1.586253447592786188e+02 1.574261731733322733e+02 1.592168332809065703e+02 1.554799022381992586e+02 1.549903222785216315e+02 1.582561215245716824e+02 1.593047394147455975e+02
1.498532615594335198e+02 1.461916550285959318e+02 1.507215976560758293e+02 1.493720187987027259e+02 1.422638393970864286e+02 1.584045453893290301e+02 1.543470116328787185e+02 1.568151778368407747e+02 1.559871789603235186e+02 1.486270500279138389e+02 1.478005412709980533e+02 1.508575487007528011e+02 1.472684623400407418e+02 1.583066644206743376e+02 1.575690324905246200e+02 1.576515144234269599e+02 1.564193082710699230e+02 1.622713776363533498e+02 1.522300890100245567e+02 1.585433694608513235e+02 1.460684770920817073e+02 1.535708305636197224e+02 1.490771612286737877e+02 1.594710004985232388e+02 1.543437721451695097e+02 0.000000000000000000e+00 1.475127113166861932e+02 1.360771839802690693e+02 1.468672870315238015e+02 1.449517160988444573e+02 1.536131504787269080e+02 1.543599689038579754e+02 1.431642413453862446e+02 1.489194413097228846e+02 1.426814634071293710e+02 1.580601151461050904e+02 1.586505594065145317e+02 1.470544116985274172e+02 1.483778959279312630e+02 1.471427877947132004e+02 1.493251485852266001e+02 1.460753230357543941e+02 1.412727857727736591e+02 1.521873844968760920e+02 1.531012736720371095e+02
1.521840990379743914e+02 1.500666518584325502e+02 1.540681667314828474e+02 1.536164053739053088e+02 1.465503326505948394e+02 1.608042288001158227e+02 1.573181489847881380e+02 1.594772711078290399e+02 1.589087788638500740e+02 1.522432264503087822e+02 1.507149627608353910e+02 1.522760650923184187e+02 1.511621645783097279e+02 1.584392628107061114e+02 1.599499921850576527e+02 1.595744340425495693e+02 1.584834376204655655e+02 1.634135857265239622e+02 1.544732986635554539e+02 1.588961925283296353e+02 1.497931907664697633e+02 1.562625994920089738e+02 1.520131573252789110e+02 1.605147968257132334e+02 1.551837620371409798e+02 1.475127113166861932e+02 0.000000000000000000e+00 1.415944914182751688e+02 1.498132170404200281e+02 1.493284969454926170e+02 1.558172005909488860e+02 1.575531656298914243e+02 1.470714112259755382e+02 1.513836186646362307e+02 1.456914547940269529e+02 1.596151621870554038e+02 1.603745615738356491e+02 1.514298517466090743e+02 1.517695621658045013e+02 1.504426801143877412e+02 1.526761277999936794e+02 1.495927805744648822e+02 1.469829922133850175e+02 1.535024429773024792e+02 1.543178537953402270e+02
1.436071028884017267e+02 1.380905500025255037e+02 1.443952907819365237e+02 1.442393843580871646e+02 1.336861997365472234e+02 1.550258043036706965e+02 1.474991525399383363e+02 1.511753948233640301e+02 1.499566604055985124e+02 1.422497803161748209e+02 1.396137529042178471e+02 1.445786982926599649e+02 1.410921684573598043e+02 1.548805991723947386e+02 1.522070957610058315e+02 1.522530787866045046e+02 1.503462669972221022e+02 1.601717827833604417e+02 1.470952072638670245e+02 1.558813651467037857e+02 1.385099274420429367e+02 1.477870089013239294e+02 1.428600713985541972e+02 1.551644289133305108e+02 1.505290669605043377e+02 1.360771839802690693e+02 1.415944914182751688e+02 0.000000000000000000e+00 1.392228429533027452e+02 1.360220570348794524e+02 1.472684623400407418e+02 1.503063538244474842e+02 1.339738780509096046e+02 1.426323946374034506e+02 1.335327675141948021e+02 1.518486088181251716e+02 1.539123126978475398e+02 1.394704269728891290e+02 1.407657628828828535e+02 1.382678559897418893e+02 1.436140661634507296e+02 1.384088147481944020e+02 1.325028301584536052e+02 1.469081345603435125e+02 1.466662878782987320e+02
1.493854075872205271e+02 1.404136745477448187e+02 1.459897256658837534e+02 1.455403724057348995e+02 1.433492239253495200e+02 1.592042712994849296e+02 1.536587127370264056e+02 1.568598100215603210e+02 1.554606059424702096e+02 1.534340249097311641e+02 1.444056785587048921e+02 1.494523335381552442e+02 1.478242199370590413e+02 1.594772711078290399e+02 1.568311193609227416e+02 1.567418259431731826e+02 1.550580536444334427e+02 1.624499923053245425e+02 1.535187284991638990e+02 1.591100248255904148e+02 1.464991467551944595e+02 1.530098036074813024e+02 1.492112596287558972e+02 1.590565937017387625e+02 1.557112712683317568e+02 1.468672870315238015e+02 1.498132170404200281e+02 1.392228429533027452e+02 0.000000000000000000e+00 1.419964788295822586e+02 1.497698233957695493e+02 1.534503176927307777e+02 1.427024877148257644e+02 1.514100392972672182e+02 1.421407752898512911e+02 1.563617600310254829e+02 1.574420528321452082e+02 1.396960987286330749e+02 1.436245104430298909e+02 1.414248917270223558e+02 1.451550894732940549e+02 1.442497833620556946e+02 1.339402852020257626e+02 1.512580576366098910e+02 1.470102037274964175e+02
1.502298239365273389e+02 1.319659046875366073e+02 1.412161463856027979e+02 1.388272307582341796e+02 1.408545348932720742e+02 1.588930457886688146e+02 1.523614124376641428e+02 1.560512736250492765e+02 1.538798232387859173e+02 1.508608630493674525e+02 1.412232275512778301e+02 1.508674915281618780e+02 1.460582075749254045e+02 1.579810115172073495e+02 1.564512703687637156e+02 1.561697794069006306e+02 1.546609194334496351e+02 1.640762018087937122e+02 1.529673167706095285e+02 1.610807251039055927e+02 1.446340208941174410e+02 1.537237782517721030e+02 1.495292613504126109e+02 1.584802826852602493e+02 1.572863630452430641e+02 1.449517160988444573e+02 1.493284969454926170e+02 1.360220570348794524e+02 1.419964788295822586e+02 0.000000000000000000e+00 1.341342610968577276e+02 1.295221988695374193e+02 1.424815777565647181e+02 1.511753948233640301e+02 1.416509795236164280e+02 1.564416824251132994e+02 1.580790941269591201e+02 1.394489153776392811e+02 1.386542462386204875e+02 1.345956908671299175e+02 1.400535611828560434e+02 1.429160592795645073e+02 1.343167897174437257e+02 1.535903642810967540e+02 1.484755872189094816e+02
1.563361762357004920e+02 1.432864264332110338e+02 1.496328840863531582e+02 1.483745261155027322e+02 1.504260615717901430e+02 1.638993593642147175e+02 1.597748415740100256e+02 1.608664041992609555e+02 1.603277892319356965e+02 1.579271984174986869e+02 1.506851021169644298e+02 1.565087856958835459e+02 1.554059200931547480e+02 1.610217376629627495e+02 1.622498073958795146e+02 1.618919392681426928e+02 1.604556013356965991e+02 1.658463143998081080e+02 1.586284968093690395e+02 1.635878968628180701e+02 1.540551849176132180e+02 1.586600138661282244e+02 1.556823689439494558e+02 1.625546062097288029e+02 1.605895388871890361e+02 1.536131504787269080e+02 1.558172005909488860e+02 1.472684623400407418e+02 1.497698233957695493e+02 1.341342610968577276e+02 0.000000000000000000e+00 1.469625802713057965e+02 1.514562643141576928e+02 1.564288975860918072e+02 1.514034345713465086e+02 1.618270681931795991e+02 1.628342715769625784e+02 1.494523335381552442e+02 1.471088032715921372e+02 1.456708618770411476e+02 1.480641752754527829e+02 1.508608630493674525e+02 1.460034246173698591e+02 1.584739726264221531e+02 1.543664471314929187e+02
1.582687587617973293e+02 1.477193284577207919e+02 1.531731046887801426e+02 1.517333186877555988e+02 1.533883959105120880e+02 1.633248297106107429e+02 1.613691420315544747e+02 1.631257183892227260e+02 1.627052549858178452e+02 1.589433861473952732e+02 1.548612282012512082e+02 1.580411338860867545e+02 1.569745202254174785e+02 1.621234097840284107e+02 1.638688499990159926e+02 1.633125837160137621e+02 1.629048802215575051e+02 1.662858983798686268e+02 1.602903615318151367e+02 1.629509128541475889e+02 1.559775624889682604e+02 1.603277892319356965e+02 1.584708175027818697e+02 1.648999696785903097e+02 1.622744588652200548e+02 1.543599689038579754e+02 1.575531656298914243e+02 1.503063538244474842e+02 1.534503176927307777e+02 1.295221988695374193e+02 1.469625802713057965e+02 0.000000000000000000e+00 1.538148237329549488e+02 1.578923684032891970e+02 1.546188862978905263e+02 1.634625339336203922e+02 1.650666532040920629e+02 1.524007873995406896e+02 1.508343462212768031e+02 1.485799448108660386e+02 1.511059231135563437e+02 1.546576865209097775e+02 1.496562728387955019e+02 1.587387791309987506e+02 1.561377596867586703e+02
1.458903697986950760e+02 1.419084211736569330e+02 1.476583895347636428e+02 1.471325932619961634e+02 1.384521578018919854e+02 1.567609645288009972e+02 1.509536352659318936e+02 1.543470116328787185e+02 1.538440769090574918e+02 1.498332406377169832e+02 1.423551895787435058e+02 1.472480899706342541e+02 1.449068666419918259e+02 1.591697207385877277e+02 1.550161281931657697e+02 1.552997102379782177e+02 1.539707764480000378e+02 1.620802270482121514e+02 1.467174154625141966e+02 1.566907782864071521e+02 1.410957121956581659e+02 1.492313639956426812e+02 1.454372717015827448e+02 1.578321893657944486e+02 1.540649213805660622e+02 1.431642413453862446e+02 1.470714112259755382e+02 1.339738780509096046e+02 1.427024877148257644e+02 1.424815777565647181e+02 1.514562643141576928e+02 1.538148237329549488e+02 0.000000000000000000e+00 1.481789458728870841e+02 1.371057985644662551e+02 1.546512204930824339e+02 1.561921893053554697e+02 1.430908802125418333e+02 1.435409349279849209e+02 1.424464811780199796e+02 1.463283977907227609e+02 1.442220510185595685e+02 1.374336203408758479e+02 1.492816130673834891e+02 1.501532550429726882e+02
1.524171906315032459e+02 1.516937704719610451e+02 1.553962676514464931e+02 1.555152725618934255e+02 1.460273946901744750e+02 1.614094173212951091e+02 1.579493589730581959e+02 1.600000000000000000e+02 1.595336955003550372e+02 1.514760707174568779e+02 1.519210321186635326e+02 1.533264491208219340e+02 1.513638001637115451e+02 1.604867595784773755e+02 1.611117624507906498e+02 1.611179692026932173e+02 1.601686611044744950e+02 1.641127661091604466e+02 1.547998708009796758e+02 1.588993392056744938e+02 1.505888442083277425e+02 1.565854399361575418e+02 1.535219853962291552e+02 1.622775400355822626e+02 1.563105882530035160e+02 1.489194413097228846e+02 1.513836186646362307e+02 1.426323946374034506e+02 1.514100392972672182e+02 1.511753948233640301e+02 1.564288975860918072e+02 1.578923684032891970e+02 1.481789458728870841e+02 0.000000000000000000e+00 1.466867410504439420e+02 1.607855714919718650e+02 1.608881599124062234e+02 1.528266992380585236e+02 1.539642815720581268e+02 1.514925740754311789e+02 1.543534904043313247e+02 1.510595908904826956e+02 1.480911881240744208e+02 1.545121354457312464e+02 1.566812049991957281e+02
1.444229898596480268e+02 1.423727502017152062e+02 1.474822023160760978e+02 1.460205464994567137e+02 1.354584807237996529e+02 1.560384567983162185e+02 1.499566604055985124e+02 1.535154715330021702e+02 1.516904743218900933e+02 1.491375204299709480e+02 1.427059914649696850e+02 1.453547384848529873e+02 1.428075628249428632e+02 1.586284968093690395e+02 1.539285548558161452e+02 1.542660040319966299e+02 1.517267280343183415e+02 1.609968943799848660e+02 1.481958164051873723e+02 1.556663097783203682e+02 1.408971255916883365e+02 1.489966442575133954e+02 1.437219537857734508e+02 1.560929210438449104e+02 1.535317556728900286e+02 1.426814634071293710e+02 1.456914547940269529e+02 1.335327675141948021e+02 1.421407752898512911e+02 1.416509795236164280e+02 1.514034345713465086e+02 1.546188862978905263e+02 1.371057985644662551e+02 1.466867410504439420e+02 0.000000000000000000e+00 1.532677395931707451e+02 1.553898323572041136e+02 1.434119939196160942e+02 1.445198948242075119e+02 1.418908030846256167e+02 1.467310464761974060e+02 1.437080373535175681e+02 1.366162508635045185e+02 1.462976418128467344e+02 1.493720187987027259e+02
