0.000000000000000000e+00 1.062873463776380163e+02 1.116198907005377805e+02 1.108873302050328959e+02 1.146908889145079371e+02 1.237901450035502648e+02 1.135385397122932858e+02 1.220573635632033529e+02 1.108873302050328959e+02 1.114899098573498719e+02 1.099363452184945089e+02 1.230284519938375922e+02 1.132254388377452869e+02 1.202580558632144232e+02 1.200541544470660966e+02 1.147954702939101139e+02 1.215360028962611523e+02 1.225112239756015242e+02 1.166876171665185780e+02 1.177582268888250496e+02 1.207890723534211048e+02 1.216799079552577609e+02 1.156287161564980863e+02 1.158619868636819064e+02 1.147693338832285832e+02 1.159094474147815106e+02 1.294951736552370392e+02 1.278358322224250259e+02 1.235394673778384060e+02 1.176222768016331202e+02 1.297266356613012590e+02 1.296919426949878016e+02 1.162755348299890699e+02 1.148346637562021186e+02 1.140920680853844402e+02 1.146603680440630768e+02 1.226499082755466219e+02 1.085218871933215183e+02 1.143678276439663790e+02 1.232923355282071043e+02 1.221597314993774859e+02 1.237335847698594762e+02 1.234463446198387828e+02
1.062873463776380163e+02 0.000000000000000000e+00 1.094714574672320708e+02 1.078285676432734590e+02 1.125744198297286403e+02 1.230731489805960877e+02 1.114629983447421893e+02 1.215360028962611523e+02 1.103313192162588052e+02 1.097770467811919275e+02 1.081804048799966296e+02 1.224295715911805331e+02 1.121650569473398917e+02 1.190336086993921185e+02 1.191553607690396746e+02 1.127253298952813054e+02 1.219508097554091677e+02 1.216223663640861758e+02 1.151043005278256288e+02 1.162153174069580217e+02 1.194278024582215920e+02 1.207932117297987844e+02 1.139517441726979428e+02 1.141095964413160146e+02 1.137848847606746006e+02 1.152735876079164967e+02 1.296533840669035555e+02 1.273852424733728697e+02 1.227395616743028768e+02 1.166190378969060077e+02 1.295685146939641470e+02 1.296263862028098117e+02 1.140306976212984438e+02 1.137629113551512461e+02 1.123832727766903901e+02 1.128981842192335705e+02 1.220327824807744008e+02 1.067520491606601496e+02 1.133887119602299691e+02 1.225642688551602362e+02 1.213919272439481460e+02 1.233004460656975851e+02 1.232558315050448243e+02
1.116198907005377805e+02 1.094714574672320708e+02 0.000000000000000000e+00 1.106752004741803006e+02 1.120847893337896295e+02 1.252237996548579417e+02 1.143328474236516143e+02 1.233085560697229113e+02 1.122808977520219145e+02 1.122541758688735882e+02 1.094851588115941894e+02 1.240765892503497270e+02 1.144945413545990789e+02 1.206689686704912532e+02 1.210702275540935773e+02 1.151650988798255639e+02 1.234827923234650484e+02 1.238789731956154014e+02 1.173328598475295053e+02 1.188528501972081415e+02 1.210495766204904982e+02 1.232193166674771021e+02 1.162712346197459112e+02 1.168802806293687837e+02 1.161077086157503970e+02 1.171409407508749752e+02 1.311335197422840508e+02 1.293560976529518030e+02 1.245592228620586752e+02 1.190042016064979151e+02 1.313773191993199418e+02 1.310686842842331998e+02 1.166833321430271866e+02 1.162067123706715961e+02 1.152475596270914480e+02 1.143940557896257104e+02 1.240564387688120007e+02 1.103177229641729014e+02 1.156243918902927703e+02 1.246835995630540026e+02 1.232639444444319281e+02 1.253355496257945134e+02 1.254272697622012345e+02
1.108873302050328959e+02 1.078285676432734590e+02 1.106752004741803006e+02 0.000000000000000000e+00 1.132077735846792450e+02 1.240967364599085698e+02 1.144421251113417526e+02 1.218687818926569832e+02 1.106797181058932722e+02 1.104536101718726115e+02 1.089862376632939771e+02 1.230284519938375922e+02 1.125877435603005523e+02 1.210619676033724517e+02 1.204450081987626362e+02 1.138595626199222721e+02 1.228535713766596160e+02 1.225601892948929788e+02 1.167818479045437954e+02 1.180635422135046753e+02 1.204823638546322684e+02 1.217620630574235889e+02 1.155681617055493291e+02 1.168588892639323404e+02 1.145338377947757351e+02 1.168460525649026778e+02 1.296495275733776111e+02 1.282341608152835306e+02 1.231990259701755974e+02 1.180296572900218166e+02 1.299345989334634339e+02 1.302612759034702492e+02 1.161034021895999331e+02 1.166661904752186558e+02 1.137585161647250089e+02 1.138727359818846168e+02 1.229268074912872635e+02 1.095034246039821397e+02 1.146908889145079371e+02 1.234868414042565092e+02 1.226009787889150573e+02 1.237497474744898227e+02 1.239395013706284061e+02
1.146908889145079371e+02 1.125744198297286403e+02 1.120847893337896295e+02 1.132077735846792450e+02 0.000000000000000000e+00 1.262853910790951346e+02 1.175627492022877050e+02 1.246033707409233813e+02 1.154556191789728388e+02 1.156287161564980863e+02 1.122229922965877762e+02 1.256343901963152803e+02 1.165332570556577139e+02 1.236608264568856868e+02 1.228372907548843642e+02 1.185664370722170275e+02 1.242376754450919378e+02 1.252637218032419781e+02 1.207228230286220594e+02 1.218810895914538435e+02 1.235070848170257847e+02 1.241128518728016275e+02 1.201332593414496586e+02 1.202247894570832614e+02 1.173712060089696791e+02 1.191091935998225182e+02 1.319886358744570032e+02 1.305603308819336519e+02 1.258332229580089887e+02 1.199624941387932324e+02 1.325631924781536100e+02 1.321211565193099489e+02 1.198081800212322747e+02 1.190756062340225867e+02 1.175031914460198834e+02 1.172731853408953810e+02 1.254870511248072944e+02 1.133975308373158555e+02 1.177285012220914950e+02 1.261784450688785455e+02 1.252158136977913756e+02 1.261982567233002612e+02 1.266372772922728274e+02
1.237901450035502648e+02 1.230731489805960877e+02 1.252237996548579417e+02 1.240967364599085698e+02 1.262853910790951346e+02 0.000000000000000000e+00 1.247437373177507425e+02 1.024109369159368583e+02 1.235718414526545814e+02 1.237659080684176161e+02 1.242658440602243672e+02 9.758073580374356482e+01 1.254511857257634659e+02 1.293599628942432958e+02 1.288759093081402796e+02 1.247878199184519730e+02 1.299115083431795199e+02 9.932270636667125530e+01 1.271455858455180561e+02 1.284250754331100381e+02 1.288099375048369382e+02 1.004589468389948763e+02 1.264515717577286580e+02 1.261427762497718277e+02 1.264673871003904253e+02 1.268345378830230175e+02 1.139868413458325449e+02 1.116422858956229049e+02 9.671607932500158711e+01 1.280429615402580339e+02 1.136177802986838827e+02 1.133313725320575145e+02 1.274833322438663004e+02 1.259404621239734894e+02 1.258451429336865601e+02 1.259325216137594907e+02 9.953391381835641027e+01 1.226580612923586102e+02 1.257060062208644098e+02 1.006329965766696262e+02 9.935290634903439866e+01 9.938812806366765074e+01 9.983486364992943152e+01
1.135385397122932858e+02 1.114629983447421893e+02 1.143328474236516143e+02 1.144421251113417526e+02 1.175627492022877050e+02 1.247437373177507425e+02 0.000000000000000000e+00 1.232680007138916807e+02 1.152692500192484175e+02 1.152432210587677019e+02 1.134327994893893106e+02 1.238184154316311663e+02 1.173243367763057137e+02 1.075871739567500640e+02 1.090687856354878420e+02 9.850380703302791119e+01 1.115526781390747288e+02 1.237497474744898227e+02 1.009405765784998863e+02 1.010544407732782446e+02 1.059575386652596762e+02 1.224867339755616200e+02 9.886859966642593633e+01 9.936297097007516754e+01 1.181736011129389254e+02 1.200583191619806058e+02 1.300922749435953278e+02 1.281756607160657495e+02 1.243181402692302129e+02 1.212682975884464156e+02 1.305373509766457687e+02 1.302190462259649735e+02 9.898989847454133439e+01 9.950879358127099295e+01 1.175244655380316914e+02 1.173371211509810337e+02 1.237416663860641535e+02 1.127918436767481865e+02 1.180042372120594649e+02 1.243221621433604298e+02 1.230853362509117090e+02 1.249919997439836123e+02 1.243704144883340064e+02
1.220573635632033529e+02 1.215360028962611523e+02 1.233085560697229113e+02 1.218687818926569832e+02 1.246033707409233813e+02 1.024109369159368583e+02 1.232680007138916807e+02 0.000000000000000000e+00 1.213424904969401013e+02 1.220409767250328059e+02 1.224009803882305505e+02 1.031794553193609403e+02 1.234584950499559568e+02 1.279062156425558499e+02 1.274480286234353628e+02 1.232801687214938937e+02 1.288448679614364778e+02 9.892926766129424720e+01 1.254671271688325476e+02 1.268581885413787518e+02 1.277810627597063018e+02 1.001199280862706189e+02 1.250919661688951123e+02 1.247958332637752790e+02 1.254113232527270583e+02 1.255985668708047029e+02 1.030194156457897918e+02 1.004290794541103082e+02 1.017152889196112966e+02 1.273224253617562880e+02 1.037448793917078120e+02 1.042113237609042216e+02 1.258808960883262813e+02 1.247116674573794626e+02 1.241329931968129046e+02 1.248799423446375556e+02 1.000049998750062485e+02 1.206275258802898662e+02 1.243543324536785093e+02 1.019754872506133268e+02 9.951381813597546966e+01 1.029951455166698651e+02 1.031455282598329575e+02
1.108873302050328959e+02 1.103313192162588052e+02 1.122808977520219145e+02 1.106797181058932722e+02 1.154556191789728388e+02 1.235718414526545814e+02 1.152692500192484175e+02 1.213424904969401013e+02 0.000000000000000000e+00 9.734474818910365457e+01 1.110225202380129730e+02 1.222620137246234009e+02 1.002297361066066088e+02 1.219918030033165763e+02 1.226499082755466219e+02 1.163357210834230386e+02 1.243020514714057327e+02 1.219467096727090905e+02 1.183469475736488903e+02 1.206441047047057396e+02 1.223928102463539318e+02 1.215894732285653106e+02 1.173456432936476830e+02 1.171921499077476625e+02 1.155075755091413896e+02 1.158231410383952635e+02 1.297189269150805160e+02 1.279218511435790617e+02 1.228413611126154876e+02 1.161077086157503970e+02 1.298807145037322357e+02 1.300230748751928331e+02 1.175329740966338363e+02 1.175031914460198834e+02 1.119866063420085993e+02 1.126099462747407642e+02 1.222906374175881012e+02 1.079953702711370909e+02 1.134460224071342225e+02 1.229674753745883748e+02 1.221679172287061590e+02 1.237820665524695443e+02 1.237941840313994675e+02
1.114899098573498719e+02 1.097770467811919275e+02 1.122541758688735882e+02 1.104536101718726115e+02 1.156287161564980863e+02 1.237659080684176161e+02 1.152432210587677019e+02 1.220409767250328059e+02 9.734474818910365457e+01 0.000000000000000000e+00 1.110225202380129730e+02 1.237659080684176161e+02 1.020098034504527362e+02 1.224499897917513067e+02 1.225601892948929788e+02 1.166704761282819192e+02 1.244789138770097026e+02 1.227314140715407831e+02 1.179576195080250045e+02 1.196536668890677930e+02 1.225805857385254996e+02 1.216388095962797564e+02 1.170982493464355798e+02 1.173115510084151936e+02 1.148041811085293205e+02 1.155897919368315172e+02 1.301114906532086479e+02 1.281405478371307822e+02 1.239193285972773566e+02 1.173158130858751775e+02 1.304798835069988741e+02 1.302612759034702492e+02 1.178049234964311722e+02 1.173925040196349130e+02 1.121650569473398917e+02 1.127253298952813054e+02 1.229593428739760270e+02 1.080416586322146344e+02 1.136309816907343304e+02 1.235597021686277799e+02 1.220122944624843910e+02 1.240806189539687949e+02 1.243020514714057327e+02
1.099363452184945089e+02 1.081804048799966296e+02 1.094851588115941894e+02 1.089862376632939771e+02 1.122229922965877762e+02 1.242658440602243672e+02 1.134327994893893106e+02 1.224009803882305505e+02 1.110225202380129730e+02 1.110225202380129730e+02 0.000000000000000000e+00 1.237416663860641535e+02 1.129955751346042803e+02 1.201665510863984139e+02 1.211073903607868232e+02 1.150999565595052729e+02 1.231787319304757204e+02 1.229918696499894679e+02 1.171921499077476625e+02 1.183258213578084508e+02 1.210537070890437406e+02 1.220737482016506306e+02 1.168845584326689391e+02 1.165847331343173749e+02 1.154642801908884735e+02 1.167347420436606740e+02 1.300192293470469735e+02 1.280390565413538297e+02 1.241450764227079588e+02 1.179533806213285203e+02 1.306024502067246829e+02 1.306369013717027769e+02 1.161550687658528318e+02 1.161593732765462192e+02 1.136881700090207232e+02 1.139429681902310278e+02 1.238426420906789218e+02 1.087887861868124730e+02 1.147954702939101139e+02 1.242940062915344299e+02 1.227395616743028768e+02 1.245391504708459109e+02 1.248078523170717773e+02
1.230284519938375922e+02 1.224295715911805331e+02 1.240765892503497270e+02 1.230284519938375922e+02 1.256343901963152803e+02 9.758073580374356482e+01 1.238184154316311663e+02 1.031794553193609403e+02 1.222620137246234009e+02 1.237659080684176161e+02 1.237416663860641535e+02 0.000000000000000000e+00 1.245873187768321770e+02 1.285768252835634371e+02 1.278240978845538365e+02 1.238870453275886376e+02 1.288759093081402796e+02 1.018282868362224747e+02 1.264120247444838583e+02 1.275499901999212256e+02 1.280156240464420705e+02 9.906563480844404523e+01 1.259047258842971360e+02 1.258014308344702386e+02 1.252916597383880202e+02 1.260198397078809194e+02 1.145993019175945875e+02 1.121427661510094964e+02 9.808159868191383168e+01 1.270000000000000000e+02 1.148520787796198306e+02 1.152302043736797401e+02 1.266017377447876839e+02 1.250319959050482339e+02 1.249759976955575240e+02 1.252397700413091570e+02 1.016415269464208677e+02 1.219795064754731726e+02 1.252996408614166768e+02 1.022203502244049247e+02 1.001149339509346134e+02 1.009752444909147044e+02 1.021714245765419520e+02
1.132254388377452869e+02 1.121650569473398917e+02 1.144945413545990789e+02 1.125877435603005523e+02 1.165332570556577139e+02 1.254511857257634659e+02 1.173243367763057137e+02 1.234584950499559568e+02 1.002297361066066088e+02 1.020098034504527362e+02 1.129955751346042803e+02 1.245873187768321770e+02 0.000000000000000000e+00 1.231259517729710780e+02 1.233490980915547652e+02 1.176435293588219366e+02 1.248318869520123826e+02 1.241007655093231108e+02 1.195575175386307478e+02 1.214619281915119302e+02 1.235313725334580681e+02 1.234179889643320962e+02 1.183891886955899366e+02 1.184905059487889929e+02 1.167133240037314721e+02 1.175712549903249027e+02 1.310686842842331998e+02 1.295993827145793205e+02 1.249159717570175303e+02 1.183258213578084508e+02 1.313887361991125999e+02 1.313544822227243287e+02 1.188949115816147923e+02 1.192602196878741267e+02 1.142934818788893097e+02 1.147126845645240820e+02 1.238830093273488444e+02 1.104038042822800492e+02 1.151520733638782588e+02 1.248479074714510375e+02 1.232030843769749140e+02 1.258411697339149811e+02 1.249919997439836123e+02
1.202580558632144232e+02 1.190336086993921185e+02 1.206689686704912532e+02 1.210619676033724517e+02 1.236608264568856868e+02 1.293599628942432958e+02 1.075871739567500640e+02 1.279062156425558499e+02 1.219918030033165763e+02 1.224499897917513067e+02 1.201665510863984139e+02 1.285768252835634371e+02 1.231259517729710780e+02 0.000000000000000000e+00 1.121115515903691318e+02 9.682974749528163727e+01 1.072240644631605022e+02 1.275970219088204232e+02 1.100908715561830746e+02 1.113597772986278898e+02 1.141139781096075865e+02 1.274911761652546716e+02 1.091970695577495860e+02 1.104988687724901553e+02 1.234422942106958772e+02 1.249199743836028773e+02 1.341007084246761281e+02 1.330037593453658644e+02 1.291897828777492805e+02 1.254631419979588998e+02 1.353181436467408787e+02 1.349666625504239050e+02 1.101271991834896369e+02 1.093480681127929159e+02 1.227802915780867465e+02 1.230406436914241795e+02 1.283316017199193197e+02 1.198457341752304472e+02 1.228901948895842509e+02 1.288526289991787337e+02 1.277145254072535039e+02 1.295453588516392927e+02 1.293406355326894186e+02
1.200541544470660966e+02 1.191553607690396746e+02 1.210702275540935773e+02 1.204450081987626362e+02 1.228372907548843642e+02 1.288759093081402796e+02 1.090687856354878420e+02 1.274480286234353628e+02 1.226499082755466219e+02 1.225601892948929788e+02 1.211073903607868232e+02 1.278240978845538365e+02 1.233490980915547652e+02 1.121115515903691318e+02 0.000000000000000000e+00 1.082450922675019029e+02 1.104264461078051767e+02 1.276009404354058887e+02 1.114585124609152444e+02 1.122675376054895082e+02 1.153126185636246817e+02 1.264476176129862921e+02 1.099045040023383280e+02 1.116109313642709395e+02 1.238345670642894447e+02 1.237093367535369168e+02 1.336861997365472234e+02 1.324046826966478534e+02 1.286351429431319957e+02 1.255149393498638517e+02 1.346328340339012470e+02 1.342870060728140515e+02 1.109729696818103548e+02 1.101181184001978863e+02 1.235313725334580681e+02 1.228413611126154876e+02 1.283978192961235720e+02 1.203245610837621200e+02 1.231300125883206391e+02 1.277732366342811190e+02 1.272713636290583565e+02 1.284095012061023340e+02 1.286157066613561142e+02
1.147954702939101139e+02 1.127253298952813054e+02 1.151650988798255639e+02 1.138595626199222721e+02 1.185664370722170275e+02 1.247878199184519730e+02 9.850380703302791119e+01 1.232801687214938937e+02 1.163357210834230386e+02 1.166704761282819192e+02 1.150999565595052729e+02 1.238870453275886376e+02 1.176435293588219366e+02 9.682974749528163727e+01 1.082450922675019029e+02 0.000000000000000000e+00 1.077172223927074697e+02 1.235354200219515945e+02 1.019019136228559717e+02 1.030776406404415155e+02 1.066489568631592419e+02 1.224418229201117327e+02 1.024499877989255765e+02 1.022448042689700713e+02 1.196912695228854204e+02 1.201124473150056104e+02 1.301038047099315236e+02 1.285301521044770254e+02 1.244507934888323604e+02 1.214948558581802729e+02 1.301345457593793640e+02 1.298229563675084250e+02 1.011731189595339089e+02 1.028348190060156639e+02 1.182581921052406386e+02 1.182751030437090805e+02 1.238264915113078644e+02 1.141971978640456769e+02 1.190630085290977291e+02 1.242940062915344299e+02 1.233247744777990675e+02 1.252756959669352597e+02 1.248318869520123826e+02
1.215360028962611523e+02 1.219508097554091677e+02 1.234827923234650484e+02 1.228535713766596160e+02 1.242376754450919378e+02 1.299115083431795199e+02 1.115526781390747288e+02 1.288448679614364778e+02 1.243020514714057327e+02 1.244789138770097026e+02 1.231787319304757204e+02 1.288759093081402796e+02 1.248318869520123826e+02 1.072240644631605022e+02 1.104264461078051767e+02 1.077172223927074697e+02 0.000000000000000000e+00 1.290426286155083062e+02 1.141358839278865815e+02 1.150391237796950605e+02 1.175967686630886959e+02 1.274872542648871985e+02 1.131149857445953160e+02 1.131149857445953160e+02 1.253275707895114408e+02 1.259206099095775500e+02 1.342832826527561565e+02 1.333229162597338302e+02 1.293174388858672046e+02 1.261427762497718277e+02 1.354178717895093769e+02 1.348888431264795145e+02 1.143197270815496722e+02 1.111665417290652300e+02 1.249719968632973348e+02 1.244025723206718936e+02 1.292284798332008506e+02 1.230528341810947524e+02 1.246394801016114684e+02 1.292362178338564718e+02 1.283744522870497065e+02 1.290387538687506037e+02 1.289496025585189614e+02
1.225112239756015242e+02 1.216223663640861758e+02 1.238789731956154014e+02 1.225601892948929788e+02 1.252637218032419781e+02 9.932270636667125530e+01 1.237497474744898227e+02 9.892926766129424720e+01 1.219467096727090905e+02 1.227314140715407831e+02 1.229918696499894679e+02 1.018282868362224747e+02 1.241007655093231108e+02 1.275970219088204232e+02 1.276009404354058887e+02 1.235354200219515945e+02 1.290426286155083062e+02 0.000000000000000000e+00 1.260119041995636167e+02 1.276792857122877223e+02 1.280741972451906463e+02 9.684523736353791890e+01 1.255667153349166796e+02 1.247838130528154750e+02 1.250479907875372447e+02 1.255706972187381041e+02 1.112564604865712994e+02 1.084573648951513150e+02 1.002447006080620753e+02 1.267911668847636975e+02 1.104083330188441892e+02 1.107835727894709095e+02 1.259166390911066173e+02 1.245953450173801684e+02 1.242980289465605352e+02 1.247236946213509157e+02 9.783659846908007296e+01 1.215072014326722893e+02 1.247116674573794626e+02 9.848857801796104638e+01 9.710818709048172082e+01 1.016415269464208677e+02 1.011137972781163086e+02
1.166876171665185780e+02 1.151043005278256288e+02 1.173328598475295053e+02 1.167818479045437954e+02 1.207228230286220594e+02 1.271455858455180561e+02 1.009405765784998863e+02 1.254671271688325476e+02 1.183469475736488903e+02 1.179576195080250045e+02 1.171921499077476625e+02 1.264120247444838583e+02 1.195575175386307478e+02 1.100908715561830746e+02 1.114585124609152444e+02 1.019019136228559717e+02 1.141358839278865815e+02 1.260119041995636167e+02 0.000000000000000000e+00 8.031811750782011927e+01 8.691375035056306331e+01 1.248599215120688797e+02 1.044988038209050529e+02 1.047377677822093034e+02 1.218113295223395909e+02 1.234463446198387828e+02 1.319583267550782466e+02 1.304913790255892820e+02 1.267043803504835466e+02 1.240443469086761752e+02 1.324801871979353791e+02 1.323177992561847418e+02 1.036050191834353171e+02 1.033779473582252990e+02 1.200791405698758325e+02 1.207766533730753764e+02 1.265266770289965308e+02 1.158749325781896573e+02 1.211445417672624671e+02 1.271652468247516055e+02 1.256065284927499306e+02 1.275774274705364917e+02 1.270708463810641291e+02
1.177582268888250496e+02 1.162153174069580217e+02 1.188528501972081415e+02 1.180635422135046753e+02 1.218810895914538435e+02 1.284250754331100381e+02 1.010544407732782446e+02 1.268581885413787518e+02 1.206441047047057396e+02 1.196536668890677930e+02 1.183258213578084508e+02 1.275499901999212256e+02 1.214619281915119302e+02 1.113597772986278898e+02 1.122675376054895082e+02 1.030776406404415155e+02 1.150391237796950605e+02 1.276792857122877223e+02 8.031811750782011927e+01 0.000000000000000000e+00 8.826664149042943563e+01 1.261388124250422749e+02 1.053328059058525241e+02 1.051142235855833178e+02 1.227965797569297166e+02 1.242095004417939066e+02 1.333416664062662846e+02 1.315636727976229849e+02 1.280820049811838430e+02 1.252437623197259313e+02 1.336263447079205378e+02 1.334053971921676123e+02 1.042544963059147847e+02 1.042592921518269264e+02 1.217209924376235080e+02 1.221392647759106183e+02 1.275774274705364917e+02 1.179152237838694077e+02 1.225357090810674663e+02 1.280468664200729165e+02 1.271377206025025401e+02 1.283316017199193197e+02 1.283043257259863310e+02
1.207890723534211048e+02 1.194278024582215920e+02 1.210495766204904982e+02 1.204823638546322684e+02 1.235070848170257847e+02 1.288099375048369382e+02 1.059575386652596762e+02 1.277810627597063018e+02 1.223928102463539318e+02 1.225805857385254996e+02 1.210537070890437406e+02 1.280156240464420705e+02 1.235313725334580681e+02 1.141139781096075865e+02 1.153126185636246817e+02 1.066489568631592419e+02 1.175967686630886959e+02 1.280741972451906463e+02 8.691375035056306331e+01 8.826664149042943563e+01 0.000000000000000000e+00 1.269566855269938088e+02 1.089862376632939771e+02 1.092886087385140002e+02 1.243543324536785093e+02 1.267951103158162027e+02 1.336899397860586873e+02 1.327102106094327496e+02 1.283900307656322752e+02 1.271180553658684573e+02 1.345771154394386713e+02 1.339776100697426102e+02 1.086830253535482029e+02 1.078285676432734590e+02 1.230568974092878705e+02 1.237052949553898458e+02 1.282614517304400295e+02 1.208097678170105524e+02 1.238870453275886376e+02 1.288603895694871824e+02 1.276362017610991160e+02 1.288177006470772312e+02 1.287361643051399938e+02
1.216799079552577609e+02 1.207932117297987844e+02 1.232193166674771021e+02 1.217620630574235889e+02 1.241128518728016275e+02 1.004589468389948763e+02 1.224867339755616200e+02 1.001199280862706189e+02 1.215894732285653106e+02 1.216388095962797564e+02 1.220737482016506306e+02 9.906563480844404523e+01 1.234179889643320962e+02 1.274911761652546716e+02 1.264476176129862921e+02 1.224418229201117327e+02 1.274872542648871985e+02 9.684523736353791890e+01 1.248599215120688797e+02 1.261388124250422749e+02 1.269566855269938088e+02 0.000000000000000000e+00 1.244668630600128836e+02 1.241611855613500524e+02 1.246755790040696041e+02 1.247036487036365742e+02 1.118883371938291020e+02 1.093252029497315903e+02 1.015283211719764438e+02 1.262418314189080490e+02 1.114764549131340061e+02 1.116333283567232826e+02 1.251159462258908093e+02 1.237861058439112583e+02 1.233409907532771541e+02 1.241813190459821072e+02 9.825985955617889545e+01 1.205528929557478506e+02 1.239273981006621455e+02 1.000349938771428100e+02 9.844287683728060756e+01 1.020098034504527362e+02 1.025816747767358237e+02
1.156287161564980863e+02 1.139517441726979428e+02 1.162712346197459112e+02 1.155681617055493291e+02 1.201332593414496586e+02 1.264515717577286580e+02 9.886859966642593633e+01 1.250919661688951123e+02 1.173456432936476830e+02 1.170982493464355798e+02 1.168845584326689391e+02 1.259047258842971360e+02 1.183891886955899366e+02 1.091970695577495860e+02 1.099045040023383280e+02 1.024499877989255765e+02 1.131149857445953160e+02 1.255667153349166796e+02 1.044988038209050529e+02 1.053328059058525241e+02 1.089862376632939771e+02 1.244668630600128836e+02 0.000000000000000000e+00 9.996999549864949586e+01 1.210867457651744843e+02 1.211734294307130710e+02 1.322006051423366273e+02 1.301768028490483289e+02 1.264990118538480885e+02 1.223396910246220983e+02 1.323971298782568056e+02 1.320984481362290524e+02 1.019117265087781732e+02 1.019362545907980717e+02 1.191679487110523326e+02 1.190000000000000000e+02 1.255667153349166796e+02 1.155119041484469733e+02 1.197664393726389420e+02 1.258133538222393923e+02 1.248799423446375556e+02 1.266649122685521007e+02 1.265345802537788416e+02
1.158619868636819064e+02 1.141095964413160146e+02 1.168802806293687837e+02 1.168588892639323404e+02 1.202247894570832614e+02 1.261427762497718277e+02 9.936297097007516754e+01 1.247958332637752790e+02 1.171921499077476625e+02 1.173115510084151936e+02 1.165847331343173749e+02 1.258014308344702386e+02 1.184905059487889929e+02 1.104988687724901553e+02 1.116109313642709395e+02 1.022448042689700713e+02 1.131149857445953160e+02 1.247838130528154750e+02 1.047377677822093034e+02 1.051142235855833178e+02 1.092886087385140002e+02 1.241611855613500524e+02 9.996999549864949586e+01 0.000000000000000000e+00 1.203079382252060725e+02 1.212806662250830527e+02 1.314267857021543477e+02 1.298845641329253624e+02 1.257855317594197686e+02 1.222824599032911124e+02 1.319128500184875747e+02 1.316054710108968209e+02 1.025475499463541524e+02 1.017398643600432564e+02 1.195031380341118847e+02 1.195449706177553963e+02 1.253435279541787963e+02 1.151216747619665171e+02 1.202913130695645805e+02 1.258928115501437190e+02 1.246475029834131902e+02 1.261982567233002612e+02 1.260277747165282562e+02
1.147693338832285832e+02 1.137848847606746006e+02 1.161077086157503970e+02 1.145338377947757351e+02 1.173712060089696791e+02 1.264673871003904253e+02 1.181736011129389254e+02 1.254113232527270583e+02 1.155075755091413896e+02 1.148041811085293205e+02 1.154642801908884735e+02 1.252916597383880202e+02 1.167133240037314721e+02 1.234422942106958772e+02 1.238345670642894447e+02 1.196912695228854204e+02 1.253275707895114408e+02 1.250479907875372447e+02 1.218113295223395909e+02 1.227965797569297166e+02 1.243543324536785093e+02 1.246755790040696041e+02 1.210867457651744843e+02 1.203079382252060725e+02 0.000000000000000000e+00 1.177242540855536674e+02 1.318142632646406867e+02 1.307287267588880013e+02 1.259364919314493250e+02 1.199208072020864932e+02 1.329172675012543152e+02 1.329511188369620243e+02 1.208718329471345498e+02 1.199374837154757074e+02 1.170768978065271426e+02 1.170512708175353396e+02 1.253435279541787963e+02 1.124322017929027311e+02 1.182624200665621430e+02 1.260595097563051752e+02 1.248078523170717773e+02 1.260793400997958855e+02 1.262576730341566247e+02
1.159094474147815106e+02 1.152735876079164967e+02 1.171409407508749752e+02 1.168460525649026778e+02 1.191091935998225182e+02 1.268345378830230175e+02 1.200583191619806058e+02 1.255985668708047029e+02 1.158231410383952635e+02 1.155897919368315172e+02 1.167347420436606740e+02 1.260198397078809194e+02 1.175712549903249027e+02 1.249199743836028773e+02 1.237093367535369168e+02 1.201124473150056104e+02 1.259206099095775500e+02 1.255706972187381041e+02 1.234463446198387828e+02 1.242095004417939066e+02 1.267951103158162027e+02 1.247036487036365742e+02 1.211734294307130710e+02 1.212806662250830527e+02 1.177242540855536674e+02 0.000000000000000000e+00 1.318408131042887703e+02 1.309236418680751513e+02 1.265424829849643800e+02 1.208635594379050247e+02 1.328382475042485567e+02 1.329699214108213141e+02 1.222252019838789181e+02 1.210289221632581445e+02 1.177964345810177775e+02 1.191637528781298556e+02 1.261903324347788526e+02 1.138332113225309996e+02 1.182328211623151617e+02 1.256343901963152803e+02 1.257060062208644098e+02 1.271180553658684573e+02 1.268700122172296432e+02
1.294951736552370392e+02 1.296533840669035555e+02 1.311335197422840508e+02 1.296495275733776111e+02 1.319886358744570032e+02 1.139868413458325449e+02 1.300922749435953278e+02 1.030194156457897918e+02 1.297189269150805160e+02 1.301114906532086479e+02 1.300192293470469735e+02 1.145993019175945875e+02 1.310686842842331998e+02 1.341007084246761281e+02 1.336861997365472234e+02 1.301038047099315236e+02 1.342832826527561565e+02 1.112564604865712994e+02 1.319583267550782466e+02 1.333416664062662846e+02 1.336899397860586873e+02 1.118883371938291020e+02 1.322006051423366273e+02 1.314267857021543477e+02 1.318142632646406867e+02 1.318408131042887703e+02 0.000000000000000000e+00 8.244392033376384177e+01 1.135473469527139656e+02 1.332516416409193880e+02 1.014396372233260735e+02 1.012965942171798730e+02 1.326838347350573031e+02 1.311868895888609643e+02 1.305756485720059459e+02 1.316738394670710477e+02 1.118570516328765052e+02 1.285145906113387468e+02 1.311983231600160309e+02 1.128450264743643885e+02 1.122675376054895082e+02 1.136001760562016045e+02 1.137453295744489026e+02
1.278358322224250259e+02 1.273852424733728697e+02 1.293560976529518030e+02 1.282341608152835306e+02 1.305603308819336519e+02 1.116422858956229049e+02 1.281756607160657495e+02 1.004290794541103082e+02 1.279218511435790617e+02 1.281405478371307822e+02 1.280390565413538297e+02 1.121427661510094964e+02 1.295993827145793205e+02 1.330037593453658644e+02 1.324046826966478534e+02 1.285301521044770254e+02 1.333229162597338302e+02 1.084573648951513150e+02 1.304913790255892820e+02 1.315636727976229849e+02 1.327102106094327496e+02 1.093252029497315903e+02 1.301768028490483289e+02 1.298845641329253624e+02 1.307287267588880013e+02 1.309236418680751513e+02 8.244392033376384177e+01 0.000000000000000000e+00 1.113373252777342373e+02 1.323518039166825986e+02 9.684523736353791890e+01 9.765244492586961655e+01 1.304913790255892820e+02 1.300576795118227551e+02 1.293638280200458439e+02 1.296109563270019294e+02 1.089724735885168343e+02 1.267793358556511834e+02 1.302612759034702492e+02 1.105938515470005683e+02 1.091924905842888052e+02 1.118391702401265206e+02 1.118168144779666022e+02
1.235394673778384060e+02 1.227395616743028768e+02 1.245592228620586752e+02 1.231990259701755974e+02 1.258332229580089887e+02 9.671607932500158711e+01 1.243181402692302129e+02 1.017152889196112966e+02 1.228413611126154876e+02 1.239193285972773566e+02 1.241450764227079588e+02 9.808159868191383168e+01 1.249159717570175303e+02 1.291897828777492805e+02 1.286351429431319957e+02 1.244507934888323604e+02 1.293174388858672046e+02 1.002447006080620753e+02 1.267043803504835466e+02 1.280820049811838430e+02 1.283900307656322752e+02 1.015283211719764438e+02 1.264990118538480885e+02 1.257855317594197686e+02 1.259364919314493250e+02 1.265424829849643800e+02 1.135473469527139656e+02 1.113373252777342373e+02 0.000000000000000000e+00 1.280976190254916389e+02 1.142322196230117868e+02 1.147693338832285832e+02 1.275147050343606452e+02 1.255268895496100470e+02 1.252317851026647304e+02 1.257179382586271998e+02 1.002247474429344720e+02 1.220696522482144246e+02 1.255786606076048315e+02 1.002347245219938685e+02 9.815803584016950367e+01 9.979979959899719688e+01 9.932270636667125530e+01
1.176222768016331202e+02 1.166190378969060077e+02 1.190042016064979151e+02 1.180296572900218166e+02 1.199624941387932324e+02 1.280429615402580339e+02 1.212682975884464156e+02 1.273224253617562880e+02 1.161077086157503970e+02 1.173158130858751775e+02 1.179533806213285203e+02 1.270000000000000000e+02 1.183258213578084508e+02 1.254631419979588998e+02 1.255149393498638517e+02 1.214948558581802729e+02 1.261427762497718277e+02 1.267911668847636975e+02 1.240443469086761752e+02 1.252437623197259313e+02 1.271180553658684573e+02 1.262418314189080490e+02 1.223396910246220983e+02 1.222824599032911124e+02 1.199208072020864932e+02 1.208635594379050247e+02 1.332516416409193880e+02 1.323518039166825986e+02 1.280976190254916389e+02 0.000000000000000000e+00 1.350111106539013690e+02 1.344953530795766881e+02 1.232112007895386085e+02 1.224009803882305505e+02 1.193314711214103880e+02 1.188696765369536905e+02 1.271770419533336991e+02 1.148999564838908043e+02 1.187392100361123397e+02 1.277967135727675867e+02 1.271298548728818503e+02 1.276910333578673828e+02 1.276557871778635871e+02
1.297266356613012590e+02 1.295685146939641470e+02 1.313773191993199418e+02 1.299345989334634339e+02 1.325631924781536100e+02 1.136177802986838827e+02 1.305373509766457687e+02 1.037448793917078120e+02 1.298807145037322357e+02 1.304798835069988741e+02 1.306024502067246829e+02 1.148520787796198306e+02 1.313887361991125999e+02 1.353181436467408787e+02 1.346328340339012470e+02 1.301345457593793640e+02 1.354178717895093769e+02 1.104083330188441892e+02 1.324801871979353791e+02 1.336263447079205378e+02 1.345771154394386713e+02 1.114764549131340061e+02 1.323971298782568056e+02 1.319128500184875747e+02 1.329172675012543152e+02 1.328382475042485567e+02 1.014396372233260735e+02 9.684523736353791890e+01 1.142322196230117868e+02 1.350111106539013690e+02 0.000000000000000000e+00 6.772739475278818588e+01 1.326159869698974205e+02 1.316738394670710477e+02 1.316510539266587045e+02 1.325066036090277350e+02 1.116422858956229049e+02 1.293290377293513984e+02 1.320189380354197510e+02 1.136573798747797923e+02 1.124010676105881146e+02 1.142934818788893097e+02 1.145425685062108272e+02
1.296919426949878016e+02 1.296263862028098117e+02 1.310686842842331998e+02 1.302612759034702492e+02 1.321211565193099489e+02 1.133313725320575145e+02 1.302190462259649735e+02 1.042113237609042216e+02 1.300230748751928331e+02 1.302612759034702492e+02 1.306369013717027769e+02 1.152302043736797401e+02 1.313544822227243287e+02 1.349666625504239050e+02 1.342870060728140515e+02 1.298229563675084250e+02 1.348888431264795145e+02 1.107835727894709095e+02 1.323177992561847418e+02 1.334053971921676123e+02 1.339776100697426102e+02 1.116333283567232826e+02 1.320984481362290524e+02 1.316054710108968209e+02 1.329511188369620243e+02 1.329699214108213141e+02 1.012965942171798730e+02 9.765244492586961655e+01 1.147693338832285832e+02 1.344953530795766881e+02 6.772739475278818588e+01 0.000000000000000000e+00 1.323177992561847418e+02 1.314420024193180154e+02 1.312364278697039310e+02 1.321400771908356262e+02 1.122987088082494438e+02 1.292168719633779119e+02 1.321362932732714341e+02 1.141183596096614110e+02 1.129026129015622075e+02 1.146908889145079371e+02 1.146865292874450830e+02
1.162755348299890699e+02 1.140306976212984438e+02 1.166833321430271866e+02 1.161034021895999331e+02 1.198081800212322747e+02 1.274833322438663004e+02 9.898989847454133439e+01 1.258808960883262813e+02 1.175329740966338363e+02 1.178049234964311722e+02 1.161550687658528318e+02 1.266017377447876839e+02 1.188949115816147923e+02 1.101271991834896369e+02 1.109729696818103548e+02 1.011731189595339089e+02 1.143197270815496722e+02 1.259166390911066173e+02 1.036050191834353171e+02 1.042544963059147847e+02 1.086830253535482029e+02 1.251159462258908093e+02 1.019117265087781732e+02 1.025475499463541524e+02 1.208718329471345498e+02 1.222252019838789181e+02 1.326838347350573031e+02 1.304913790255892820e+02 1.275147050343606452e+02 1.232112007895386085e+02 1.326159869698974205e+02 1.323177992561847418e+02 0.000000000000000000e+00 1.008811181539935120e+02 1.200791405698758325e+02 1.203204055844228009e+02 1.264871534978947949e+02 1.153126185636246817e+02 1.201332593414496586e+02 1.271416532848302978e+02 1.257417989373462035e+02 1.271849047646771709e+02 1.275813465989444779e+02
1.148346637562021186e+02 1.137629113551512461e+02 1.162067123706715961e+02 1.166661904752186558e+02 1.190756062340225867e+02 1.259404621239734894e+02 9.950879358127099295e+01 1.247116674573794626e+02 1.175031914460198834e+02 1.173925040196349130e+02 1.161593732765462192e+02 1.250319959050482339e+02 1.192602196878741267e+02 1.093480681127929159e+02 1.101181184001978863e+02 1.028348190060156639e+02 1.111665417290652300e+02 1.245953450173801684e+02 1.033779473582252990e+02 1.042592921518269264e+02 1.078285676432734590e+02 1.237861058439112583e+02 1.019362545907980717e+02 1.017398643600432564e+02 1.199374837154757074e+02 1.210289221632581445e+02 1.311868895888609643e+02 1.300576795118227551e+02 1.255268895496100470e+02 1.224009803882305505e+02 1.316738394670710477e+02 1.314420024193180154e+02 1.008811181539935120e+02 0.000000000000000000e+00 1.197747886660627756e+02 1.190882026063035397e+02 1.248839461259933188e+02 1.154123043700280675e+02 1.191259837315100611e+02 1.252996408614166768e+02 1.243060738660826701e+02 1.263685087353649266e+02 1.256582667395981616e+02
1.140920680853844402e+02 1.123832727766903901e+02 1.152475596270914480e+02 1.137585161647250089e+02 1.175031914460198834e+02 1.258451429336865601e+02 1.175244655380316914e+02 1.241329931968129046e+02 1.119866063420085993e+02 1.121650569473398917e+02 1.136881700090207232e+02 1.249759976955575240e+02 1.142934818788893097e+02 1.227802915780867465e+02 1.235313725334580681e+02 1.182581921052406386e+02 1.249719968632973348e+02 1.242980289465605352e+02 1.200791405698758325e+02 1.217209924376235080e+02 1.230568974092878705e+02 1.233409907532771541e+02 1.191679487110523326e+02 1.195031380341118847e+02 1.170768978065271426e+02 1.177964345810177775e+02 1.305756485720059459e+02 1.293638280200458439e+02 1.252317851026647304e+02 1.193314711214103880e+02 1.316510539266587045e+02 1.312364278697039310e+02 1.200791405698758325e+02 1.197747886660627756e+02 0.000000000000000000e+00 1.142891070924959109e+02 1.239435355313055425e+02 1.127208942476948295e+02 1.169059451011795261e+02 1.246916196061307147e+02 1.241047944279349764e+02 1.263289357194146589e+02 1.251239385569364231e+02
1.146603680440630768e+02 1.128981842192335705e+02 1.143940557896257104e+02 1.138727359818846168e+02 1.172731853408953810e+02 1.259325216137594907e+02 1.173371211509810337e+02 1.248799423446375556e+02 1.126099462747407642e+02 1.127253298952813054e+02 1.139429681902310278e+02 1.252397700413091570e+02 1.147126845645240820e+02 1.230406436914241795e+02 1.228413611126154876e+02 1.182751030437090805e+02 1.244025723206718936e+02 1.247236946213509157e+02 1.207766533730753764e+02 1.221392647759106183e+02 1.237052949553898458e+02 1.241813190459821072e+02 1.190000000000000000e+02 1.195449706177553963e+02 1.170512708175353396e+02 1.191637528781298556e+02 1.316738394670710477e+02 1.296109563270019294e+02 1.257179382586271998e+02 1.188696765369536905e+02 1.325066036090277350e+02 1.321400771908356262e+02 1.203204055844228009e+02 1.190882026063035397e+02 1.142891070924959109e+02 0.000000000000000000e+00 1.249479891794982080e+02 1.117139203501515254e+02 1.155638351734659182e+02 1.260158720161869184e+02 1.245391504708459109e+02 1.261784450688785455e+02 1.256980508997653487e+02
1.226499082755466219e+02 1.220327824807744008e+02 1.240564387688120007e+02 1.229268074912872635e+02 1.254870511248072944e+02 9.953391381835641027e+01 1.237416663860641535e+02 1.000049998750062485e+02 1.222906374175881012e+02 1.229593428739760270e+02 1.238426420906789218e+02 1.016415269464208677e+02 1.238830093273488444e+02 1.283316017199193197e+02 1.283978192961235720e+02 1.238264915113078644e+02 1.292284798332008506e+02 9.783659846908007296e+01 1.265266770289965308e+02 1.275774274705364917e+02 1.282614517304400295e+02 9.825985955617889545e+01 1.255667153349166796e+02 1.253435279541787963e+02 1.253435279541787963e+02 1.261903324347788526e+02 1.118570516328765052e+02 1.089724735885168343e+02 1.002247474429344720e+02 1.271770419533336991e+02 1.116422858956229049e+02 1.122987088082494438e+02 1.264871534978947949e+02 1.248839461259933188e+02 1.239435355313055425e+02 1.249479891794982080e+02 0.000000000000000000e+00 1.221556384290139903e+02 1.254631419979588998e+02 9.883319280484668923e+01 9.764220398987315264e+01 1.015923225445702656e+02 1.011533489312143388e+02
