0.000000000000000000e+00 1.058914538572400517e+02 1.117855088998569641e+02 1.121516830011926373e+02 1.333716611578336710e+02 1.352996674053561605e+02 1.466083217283384670e+02 1.341156217597338696e+02 1.336375695678427178e+02 1.199124680756759318e+02 1.495225735466053436e+02 1.495326051401499399e+02 1.497097191233755495e+02 1.489563694509234608e+02 1.345845459181699653e+02 1.360036764208967952e+02 1.308739851918630848e+02 1.172390719854093675e+02 1.134768698898590458e+02 1.166619046647190601e+02 1.202871564216230098e+02 1.224336555037053529e+02 1.169016680804854929e+02 1.380833081874851302e+02 1.337721944202157545e+02 1.250159989761310442e+02
1.058914538572400517e+02 0.000000000000000000e+00 1.075964683435288265e+02 1.071587607244503317e+02 1.316320629633980843e+02 1.327742444904131105e+02 1.468025885330364417e+02 1.316662447250623131e+02 1.308587024236447292e+02 1.158188240313292141e+02 1.476617756902577696e+02 1.473193809381508288e+02 1.487010423635288419e+02 1.475635456337370499e+02 1.328984574778804699e+02 1.348703080740901896e+02 1.277771497569107595e+02 1.123120652467934946e+02 1.086922260329596952e+02 1.123877217493085396e+02 1.175499893662266544e+02 1.190000000000000000e+02 1.134416149391395123e+02 1.361396341995967134e+02 1.321287251130502796e+02 1.218605760695394054e+02
1.117855088998569641e+02 1.075964683435288265e+02 0.000000000000000000e+00 1.123031611309316560e+02 1.338282481391727572e+02 1.356834551446859223e+02 1.463967212747608073e+02 1.346588281547110455e+02 1.343837787830063917e+02 1.208180450098411427e+02 1.494422965562293655e+02 1.492983589996889293e+02 1.498098795140026880e+02 1.492715646062571295e+02 1.351184665395518891e+02 1.370145977624282239e+02 1.312935641987070028e+02 1.176647780773838861e+02 1.140833028974880250e+02 1.179830496300210001e+02 1.224622390780113079e+02 1.237012530251816003e+02 1.185242591202324292e+02 1.380688234178882112e+02 1.342497672251240886e+02 1.249919997439836123e+02
1.121516830011926373e+02 1.071587607244503317e+02 1.123031611309316560e+02 0.000000000000000000e+00 1.338730742158407168e+02 1.355802345476655262e+02 1.470510115572143945e+02 1.340932511351708456e+02 1.337871443749361049e+02 1.206855418018247974e+02 1.493351934407961323e+02 1.494255667548227962e+02 1.501366044640680002e+02 1.490771612286737877e+02 1.351702630018895945e+02 1.367735354518555937e+02 1.299846144741753733e+02 1.172817121293852836e+02 1.146603680440630768e+02 1.175755076535925525e+02 1.214042832852284448e+02 1.227843638253666256e+02 1.182962383172009453e+02 1.382931668593932955e+02 1.350740537631117490e+02 1.246073834088494152e+02
1.333716611578336710e+02 1.316320629633980843e+02 1.338282481391727572e+02 1.338730742158407168e+02 0.000000000000000000e+00 1.396209153386411401e+02 1.212600511297929415e+02 1.406591625170575242e+02 1.403816227289028120e+02 1.335627193493753282e+02 1.227884359375914585e+02 1.234017828072187939e+02 1.235597021686277799e+02 1.229959348921743896e+02 1.399178330306755527e+02 1.408083804324160155e+02 1.415980225850629495e+02 1.354215640140077426e+02 1.350444371308940674e+02 1.367698797250330358e+02 1.335926644692738989e+02 1.344470155860664704e+02 1.313925416452547381e+02 1.420809628345754163e+02 1.404457190518813832e+02 1.385388032285539737e+02
1.352996674053561605e+02 1.327742444904131105e+02 1.356834551446859223e+02 1.355802345476655262e+02 1.396209153386411401e+02 0.000000000000000000e+00 1.507978779691544560e+02 1.055793540423505306e+02 1.041201229350023425e+02 1.260039681914819738e+02 1.539967532125271816e+02 1.538830724933707472e+02 1.545930140724347268e+02 1.535512943612003482e+02 1.050951949424901102e+02 1.079953702711370909e+02 1.470374102057024004e+02 1.380181147531004342e+02 1.364807678759172234e+02 1.378114654156177323e+02 1.260198397078809194e+02 1.275539101713467716e+02 1.233126108717190306e+02 1.139341915317785521e+02 1.060801583709225042e+02 1.419753499731555451e+02
1.466083217283384670e+02 1.468025885330364417e+02 1.463967212747608073e+02 1.470510115572143945e+02 1.212600511297929415e+02 1.507978779691544560e+02 0.000000000000000000e+00 1.519309053484510628e+02 1.521348086402319666e+02 1.463181465164181247e+02 1.289302136816657764e+02 1.270511707935035162e+02 1.320416600925632054e+02 1.319621157757028413e+02 1.497564689754669587e+02 1.503096803269835959e+02 1.463762275781146229e+02 1.480168909280288858e+02 1.476245237079530739e+02 1.488825040090339087e+02 1.453031314184246980e+02 1.458286665919976031e+02 1.439305388025765637e+02 1.507481343168133492e+02 1.510264877430445836e+02 1.459143584435747130e+02
1.341156217597338696e+02 1.316662447250623131e+02 1.346588281547110455e+02 1.340932511351708456e+02 1.406591625170575242e+02 1.055793540423505306e+02 1.519309053484510628e+02 0.000000000000000000e+00 8.857764955111419169e+01 1.362204096308625765e+02 1.552030927526896846e+02 1.543081332918002602e+02 1.552803915502533698e+02 1.544700618242900703e+02 1.073126274023704951e+02 1.120357085932873389e+02 1.451723114095797484e+02 1.366894289987342006e+02 1.342609399639374033e+02 1.361286156544611288e+02 1.362277504769127461e+02 1.369854006819704750e+02 1.336151189050101493e+02 1.034311365112072991e+02 9.250945897582582234e+01 1.413435530896262833e+02
1.336375695678427178e+02 1.308587024236447292e+02 1.343837787830063917e+02 1.337871443749361049e+02 1.403816227289028120e+02 1.041201229350023425e+02 1.521348086402319666e+02 8.857764955111419169e+01 0.000000000000000000e+00 1.354990774876345654e+02 1.549322432549145105e+02 1.547158686108183190e+02 1.559102305815753766e+02 1.551483161365278818e+02 1.063296760081586996e+02 1.106164544721986687e+02 1.456536988888369990e+02 1.361469794009400687e+02 1.335889216963742001e+02 1.360330842111579841e+02 1.354843164355195881e+02 1.372625221974301439e+02 1.329323136035779669e+02 1.015874007936023560e+02 9.054280755532158764e+01 1.404848746306875569e+02
1.199124680756759318e+02 1.158188240313292141e+02 1.208180450098411427e+02 1.206855418018247974e+02 1.335627193493753282e+02 1.260039681914819738e+02 1.463181465164181247e+02 1.362204096308625765e+02 1.354990774876345654e+02 0.000000000000000000e+00 1.494121815649580753e+02 1.491207564358496711e+02 1.502930470780335099e+02 1.488321201891581040e+02 1.364990842460124441e+02 1.381665661439119788e+02 1.346736796853787723e+02 1.232233744059949032e+02 1.207311061822925637e+02 1.240685294504613694e+02 1.093526405716844181e+02 1.123966191662364906e+02 1.066817697640979361e+02 1.398070098385628057e+02 1.363304808177540224e+02 1.279296681774794564e+02
1.495225735466053436e+02 1.476617756902577696e+02 1.494422965562293655e+02 1.493351934407961323e+02 1.227884359375914585e+02 1.539967532125271816e+02 1.289302136816657764e+02 1.552030927526896846e+02 1.549322432549145105e+02 1.494121815649580753e+02 0.000000000000000000e+00 7.360027173862879124e+01 1.307057764599560414e+02 1.304492238382429150e+02 1.545703723227708224e+02 1.560192295840483894e+02 1.562785973830069963e+02 1.508177708361982070e+02 1.502597750564002297e+02 1.517530889306705433e+02 1.494054885203351546e+02 1.501099596962173734e+02 1.469795904198946914e+02 1.563905367981068082e+02 1.547514135638185451e+02 1.535968749682102157e+02
1.495326051401499399e+02 1.473193809381508288e+02 1.492983589996889293e+02 1.494255667548227962e+02 1.234017828072187939e+02 1.538830724933707472e+02 1.270511707935035162e+02 1.543081332918002602e+02 1.547158686108183190e+02 1.491207564358496711e+02 7.360027173862879124e+01 0.000000000000000000e+00 1.302497600765544519e+02 1.305373509766457687e+02 1.541590088188166874e+02 1.553801789161024374e+02 1.557305365045661176e+02 1.507348665704122936e+02 1.499833324073045162e+02 1.512811951301284523e+02 1.494422965562293655e+02 1.495526663085616690e+02 1.466560602225492858e+02 1.562209973083004115e+02 1.544441646680119788e+02 1.531306631605832251e+02
1.497097191233755495e+02 1.487010423635288419e+02 1.498098795140026880e+02 1.501366044640680002e+02 1.235597021686277799e+02 1.545930140724347268e+02 1.320416600925632054e+02 1.552803915502533698e+02 1.559102305815753766e+02 1.502930470780335099e+02 1.307057764599560414e+02 1.302497600765544519e+02 0.000000000000000000e+00 8.433860326090301385e+01 1.545897797398004059e+02 1.556341864758511235e+02 1.558236182354908692e+02 1.515519712837810573e+02 1.507580843603420249e+02 1.520098681007256118e+02 1.497998664885920448e+02 1.499299836590400048e+02 1.476719336908676041e+02 1.564097183681372201e+02 1.552610704587598889e+02 1.532514273995514884e+02
1.489563694509234608e+02 1.475635456337370499e+02 1.492715646062571295e+02 1.490771612286737877e+02 1.229959348921743896e+02 1.535512943612003482e+02 1.319621157757028413e+02 1.544700618242900703e+02 1.551483161365278818e+02 1.488321201891581040e+02 1.304492238382429150e+02 1.305373509766457687e+02 8.433860326090301385e+01 0.000000000000000000e+00 1.541395471642498478e+02 1.555152725618934255e+02 1.561025304087028474e+02 1.507680337472104952e+02 1.499833324073045162e+02 1.518156777147867444e+02 1.482936276446159241e+02 1.490771612286737877e+02 1.466424222385868745e+02 1.560737005392003880e+02 1.542173790465912475e+02 1.527972512841772357e+02
1.345845459181699653e+02 1.328984574778804699e+02 1.351184665395518891e+02 1.351702630018895945e+02 1.399178330306755527e+02 1.050951949424901102e+02 1.497564689754669587e+02 1.073126274023704951e+02 1.063296760081586996e+02 1.364990842460124441e+02 1.545703723227708224e+02 1.541590088188166874e+02 1.545897797398004059e+02 1.541395471642498478e+02 0.000000000000000000e+00 1.076940109755412607e+02 1.444402990858160649e+02 1.360955546665650786e+02 1.351961537914448286e+02 1.371386160058500820e+02 1.356687141532638066e+02 1.372188033762137138e+02 1.340484986861098662e+02 1.154556191789728388e+02 1.074243920159662764e+02 1.399642811577296584e+02
1.360036764208967952e+02 1.348703080740901896e+02 1.370145977624282239e+02 1.367735354518555937e+02 1.408083804324160155e+02 1.079953702711370909e+02 1.503096803269835959e+02 1.120357085932873389e+02 1.106164544721986687e+02 1.381665661439119788e+02 1.560192295840483894e+02 1.553801789161024374e+02 1.556341864758511235e+02 1.555152725618934255e+02 1.076940109755412607e+02 0.000000000000000000e+00 1.455918953788293777e+02 1.376226725507101776e+02 1.374263439082914715e+02 1.388056194827860566e+02 1.371860051171401267e+02 1.386470338665779138e+02 1.354363319054381236e+02 1.174989361653968274e+02 1.121427661510094964e+02 1.410815367083871763e+02
1.308739851918630848e+02 1.277771497569107595e+02 1.312935641987070028e+02 1.299846144741753733e+02 1.415980225850629495e+02 1.470374102057024004e+02 1.463762275781146229e+02 1.451723114095797484e+02 1.456536988888369990e+02 1.346736796853787723e+02 1.562785973830069963e+02 1.557305365045661176e+02 1.558236182354908692e+02 1.561025304087028474e+02 1.444402990858160649e+02 1.455918953788293777e+02 0.000000000000000000e+00 1.288060557582600723e+02 1.285340421833842299e+02 1.294140641506942302e+02 1.341528978442135553e+02 1.356613430568929743e+02 1.331014650557986840e+02 1.459075049474837726e+02 1.452205219657332123e+02 1.340932511351708456e+02
1.172390719854093675e+02 1.123120652467934946e+02 1.176647780773838861e+02 1.172817121293852836e+02 1.354215640140077426e+02 1.380181147531004342e+02 1.480168909280288858e+02 1.366894289987342006e+02 1.361469794009400687e+02 1.232233744059949032e+02 1.508177708361982070e+02 1.507348665704122936e+02 1.515519712837810573e+02 1.507680337472104952e+02 1.360955546665650786e+02 1.376226725507101776e+02 1.288060557582600723e+02 0.000000000000000000e+00 1.117944542452799794e+02 1.152518980320931661e+02 1.240564387688120007e+02 1.244146293648781523e+02 1.211569230378520245e+02 1.394274004634669950e+02 1.359926468600416740e+02 1.262061805142679987e+02
1.134768698898590458e+02 1.086922260329596952e+02 1.140833028974880250e+02 1.146603680440630768e+02 1.350444371308940674e+02 1.364807678759172234e+02 1.476245237079530739e+02 1.342609399639374033e+02 1.335889216963742001e+02 1.207311061822925637e+02 1.502597750564002297e+02 1.499833324073045162e+02 1.507580843603420249e+02 1.499833324073045162e+02 1.351961537914448286e+02 1.374263439082914715e+02 1.285340421833842299e+02 1.117944542452799794e+02 0.000000000000000000e+00 1.124855546281388143e+02 1.212518041102894273e+02 1.230081298126266063e+02 1.184271928232701185e+02 1.383473888441700979e+02 1.346476884316994074e+02 1.248519122801088628e+02
1.166619046647190601e+02 1.123877217493085396e+02 1.179830496300210001e+02 1.175755076535925525e+02 1.367698797250330358e+02 1.378114654156177323e+02 1.488825040090339087e+02 1.361286156544611288e+02 1.360330842111579841e+02 1.240685294504613694e+02 1.517530889306705433e+02 1.512811951301284523e+02 1.520098681007256118e+02 1.518156777147867444e+02 1.371386160058500820e+02 1.388056194827860566e+02 1.294140641506942302e+02 1.152518980320931661e+02 1.124855546281388143e+02 0.000000000000000000e+00 1.238507165905793244e+02 1.257219153528930349e+02 1.214248738932843139e+02 1.398963902322000479e+02 1.364954211686238352e+02 1.275735082217307337e+02
1.202871564216230098e+02 1.175499893662266544e+02 1.224622390780113079e+02 1.214042832852284448e+02 1.335926644692738989e+02 1.260198397078809194e+02 1.453031314184246980e+02 1.362277504769127461e+02 1.354843164355195881e+02 1.093526405716844181e+02 1.494054885203351546e+02 1.494422965562293655e+02 1.497998664885920448e+02 1.482936276446159241e+02 1.356687141532638066e+02 1.371860051171401267e+02 1.341528978442135553e+02 1.240564387688120007e+02 1.212518041102894273e+02 1.238507165905793244e+02 0.000000000000000000e+00 1.098316894161243482e+02 1.025134137564445780e+02 1.389892082141631704e+02 1.360735095453924259e+02 1.270590413941487213e+02
1.224336555037053529e+02 1.190000000000000000e+02 1.237012530251816003e+02 1.227843638253666256e+02 1.344470155860664704e+02 1.275539101713467716e+02 1.458286665919976031e+02 1.369854006819704750e+02 1.372625221974301439e+02 1.123966191662364906e+02 1.501099596962173734e+02 1.495526663085616690e+02 1.499299836590400048e+02 1.490771612286737877e+02 1.372188033762137138e+02 1.386470338665779138e+02 1.356613430568929743e+02 1.244146293648781523e+02 1.230081298126266063e+02 1.257219153528930349e+02 1.098316894161243482e+02 0.000000000000000000e+00 1.079536937765447675e+02 1.401606221447379141e+02 1.374518097370856822e+02 1.293329037793554050e+02
1.169016680804854929e+02 1.134416149391395123e+02 1.185242591202324292e+02 1.182962383172009453e+02 1.313925416452547381e+02 1.233126108717190306e+02 1.439305388025765637e+02 1.336151189050101493e+02 1.329323136035779669e+02 1.066817697640979361e+02 1.469795904198946914e+02 1.466560602225492858e+02 1.476719336908676041e+02 1.466424222385868745e+02 1.340484986861098662e+02 1.354363319054381236e+02 1.331014650557986840e+02 1.211569230378520245e+02 1.184271928232701185e+02 1.214248738932843139e+02 1.025134137564445780e+02 1.079536937765447675e+02 0.000000000000000000e+00 1.374299821727413189e+02 1.335552320203143495e+02 1.261625935053651375e+02
1.380833081874851302e+02 1.361396341995967134e+02 1.380688234178882112e+02 1.382931668593932955e+02 1.420809628345754163e+02 1.139341915317785521e+02 1.507481343168133492e+02 1.034311365112072991e+02 1.015874007936023560e+02 1.398070098385628057e+02 1.563905367981068082e+02 1.562209973083004115e+02 1.564097183681372201e+02 1.560737005392003880e+02 1.154556191789728388e+02 1.174989361653968274e+02 1.459075049474837726e+02 1.394274004634669950e+02 1.383473888441700979e+02 1.398963902322000479e+02 1.389892082141631704e+02 1.401606221447379141e+02 1.374299821727413189e+02 0.000000000000000000e+00 1.025475499463541524e+02 1.424780684877500789e+02
1.337721944202157545e+02 1.321287251130502796e+02 1.342497672251240886e+02 1.350740537631117490e+02 1.404457190518813832e+02 1.060801583709225042e+02 1.510264877430445836e+02 9.250945897582582234e+01 9.054280755532158764e+01 1.363304808177540224e+02 1.547514135638185451e+02 1.544441646680119788e+02 1.552610704587598889e+02 1.542173790465912475e+02 1.074243920159662764e+02 1.121427661510094964e+02 1.452205219657332123e+02 1.359926468600416740e+02 1.346476884316994074e+02 1.364954211686238352e+02 1.360735095453924259e+02 1.374518097370856822e+02 1.335552320203143495e+02 1.025475499463541524e+02 0.000000000000000000e+00 1.402854233340014503e+02
1.250159989761310442e+02 1.218605760695394054e+02 1.249919997439836123e+02 1.246073834088494152e+02 1.385388032285539737e+02 1.419753499731555451e+02 1.459143584435747130e+02 1.413435530896262833e+02 1.404848746306875569e+02 1.279296681774794564e+02 1.535968749682102157e+02 1.531306631605832251e+02 1.532514273995514884e+02 1.527972512841772357e+02 1.399642811577296584e+02 1.410815367083871763e+02 1.340932511351708456e+02 1.262061805142679987e+02 1.248519122801088628e+02 1.275735082217307337e+02 1.270590413941487213e+02 1.293329037793554050e+02 1.261625935053651375e+02 1.424780684877500789e+02 1.402854233340014503e+02 0.000000000000000000e+00
