0.000000000000000000e+00 1.238951169336386755e+02 1.298422119343320560e+02 1.293599628942432958e+02 1.343167897174437257e+02 1.444749113168095960e+02 1.319886358744570032e+02 1.422778970887607670e+02 1.304262243569137354e+02 1.305411812417828514e+02 1.287905276019940857e+02 1.427795503564848616e+02 1.321854757528224127e+02 1.392048849717566554e+02 1.398534947722079664e+02 1.335365118609887816e+02 1.406947049465615009e+02 1.425342064207746660e+02 1.359080571562996056e+02 1.375754338535772092e+02 1.394453297891327850e+02 1.408367849675644834e+02 1.354916971625936810e+02 1.350222203935337575e+02 1.335440002396213970e+02 1.346291201783625979e+02 1.493519333654573131e+02 1.488858623241306987e+02 1.435757639715004359e+02 1.361322886019330838e+02 1.496061496062244203e+02 1.494155279748393355e+02 1.353550885633783594e+02 1.341491707018720376e+02 1.323593593215077533e+02 1.327177456107509386e+02 1.433666627915987988e+02 1.282887368399891841e+02 1.327968373117372209e+02 1.432654878189440240e+02 1.417956275771576884e+02 1.434329111466402651e+02 1.433596874996594011e+02
1.238951169336386755e+02 0.000000000000000000e+00 1.271573827978540976e+02 1.264199351368287978e+02 1.314952470623938439e+02 1.432445461439980932e+02 1.294488315899374982e+02 1.416862731530475514e+02 1.287982919141399236e+02 1.291472028345949070e+02 1.269842509920029414e+02 1.421407752898512911e+02 1.303572015655445000e+02 1.381882773609976027e+02 1.375027272456804894e+02 1.309427355755179008e+02 1.406307221058044661e+02 1.408829301228505813e+02 1.341305334366489319e+02 1.351258672497608870e+02 1.377352532941367258e+02 1.401820245252578729e+02 1.327780102275975480e+02 1.329022196955340576e+02 1.327554142022087262e+02 1.333754100274859411e+02 1.489093684091098453e+02 1.478952331889030063e+02 1.427865539888122726e+02 1.338357201945728718e+02 1.492581656057718078e+02 1.489865765765493393e+02 1.330901949806972198e+02 1.334391246973690386e+02 1.306789960169575124e+02 1.317497628081356424e+02 1.423797738444614822e+02 1.256821387469198044e+02 1.318825234820747596e+02 1.424183976879391764e+02 1.415203165626759017e+02 1.427480297587325708e+02 1.426464160082544765e+02
1.298422119343320560e+02 1.271573827978540976e+02 0.000000000000000000e+00 1.282770439322640357e+02 1.294835896938295434e+02 1.440971894243603799e+02 1.325367873460044166e+02 1.419718281913704061e+02 1.296610967098458502e+02 1.304300578854429489e+02 1.277888884058391028e+02 1.422919533916096100e+02 1.318635658550154517e+02 1.404955515310004444e+02 1.393413075868028557e+02 1.339514837543802628e+02 1.423376267892646752e+02 1.417850485770625824e+02 1.368648968874049956e+02 1.384124271877348349e+02 1.401855912710004475e+02 1.405560386465128033e+02 1.356871401423141492e+02 1.361469794009400687e+02 1.338394560658403236e+02 1.349888884316038684e+02 1.494824404403406959e+02 1.486808662874951210e+02 1.434189666675924570e+02 1.366199107011858587e+02 1.490738072231335991e+02 1.490234880815772556e+02 1.360220570348794524e+02 1.356723995512720364e+02 1.319014783844366150e+02 1.326762978078601520e+02 1.433143398268296096e+02 1.286040434823104590e+02 1.334765897077086834e+02 1.428845687959340012e+02 1.420880009008501759e+02 1.436941195734884502e+02 1.438158544806517511e+02
1.293599628942432958e+02 1.264199351368287978e+02 1.282770439322640357e+02 0.000000000000000000e+00 1.324424403278646878e+02 1.441977808428409844e+02 1.329624007003483541e+02 1.421653966336393751e+02 1.294797281430572014e+02 1.297343439494723896e+02 1.272674349549011623e+02 1.428985654231699982e+02 1.315256628951171649e+02 1.406911511076656041e+02 1.392156600386608716e+02 1.336637572418192974e+02 1.420105629874059616e+02 1.418238343861848989e+02 1.358123705705779969e+02 1.368320137979413005e+02 1.393735986476635276e+02 1.409290601685826800e+02 1.344916354276354298e+02 1.362240801033356092e+02 1.325292420562345228e+02 1.349851843722117621e+02 1.495994652396859408e+02 1.491408730026748799e+02 1.433806123574592561e+02 1.363598181283621500e+02 1.497998664885920448e+02 1.500233315188007737e+02 1.358418197757965800e+02 1.364038122634407841e+02 1.313887361991125999e+02 1.322119510483072702e+02 1.439374864307418704e+02 1.288875478857441976e+02 1.326687604524893516e+02 1.431817027416562098e+02 1.424780684877500789e+02 1.433980474065110968e+02 1.431013626769500888e+02
1.343167897174437257e+02 1.314952470623938439e+02 1.294835896938295434e+02 1.324424403278646878e+02 0.000000000000000000e+00 1.457669372663087870e+02 1.372515937976677947e+02 1.438471410908121015e+02 1.345734000462201436e+02 1.352996674053561605e+02 1.310419780070493232e+02 1.444126033281029038e+02 1.358823020117042404e+02 1.417991537351334159e+02 1.418308852119311894e+02 1.380036231408436720e+02 1.429335509948591323e+02 1.435722814473601545e+02 1.408616342372897634e+02 1.412657070912824224e+02 1.422814112946592786e+02 1.425622670975738799e+02 1.391725547656577362e+02 1.397855500400524136e+02 1.361873709269695780e+02 1.380217374184226173e+02 1.506485977365869928e+02 1.499066376115480637e+02 1.450551619212498053e+02 1.375754338535772092e+02 1.512183851256189087e+02 1.507647173578752131e+02 1.404207961806227729e+02 1.384954872911027337e+02 1.355433509988594096e+02 1.352516173655605485e+02 1.448827111839090378e+02 1.330075185844770260e+02 1.364184738222796511e+02 1.451826435907543384e+02 1.438228076488565819e+02 1.448861622101986768e+02 1.449586147836685086e+02
1.444749113168095960e+02 1.432445461439980932e+02 1.440971894243603799e+02 1.441977808428409844e+02 1.457669372663087870e+02 0.000000000000000000e+00 1.446582178792480420e+02 1.200666481584290750e+02 1.445129751960010083e+02 1.439652735905433474e+02 1.439791651594076995e+02 1.149130105775668937e+02 1.452928078054794696e+02 1.486505970388279252e+02 1.482565344259739675e+02 1.453168950948237068e+02 1.486808662874951210e+02 1.167433081593973014e+02 1.472888318916271260e+02 1.480000000000000000e+02 1.478309845736001193e+02 1.180931835458761725e+02 1.467344540317644714e+02 1.467378615082010924e+02 1.458526653853127186e+02 1.456296673071802275e+02 1.321022331378239869e+02 1.303456942135028953e+02 1.138639539099183082e+02 1.462087548678258884e+02 1.321325092473460927e+02 1.317497628081356424e+02 1.482093114483702152e+02 1.458389522727038923e+02 1.448654548192908464e+02 1.453168950948237068e+02 1.172902382979930707e+02 1.432934052913810774e+02 1.456296673071802275e+02 1.179321839024445495e+02 1.164860506670219280e+02 1.169871787846856250e+02 1.167775663387450464e+02
1.319886358744570032e+02 1.294488315899374982e+02 1.325367873460044166e+02 1.329624007003483541e+02 1.372515937976677947e+02 1.446582178792480420e+02 0.000000000000000000e+00 1.424710496908056143e+02 1.345659689520348365e+02 1.338730742158407168e+02 1.315978723232256584e+02 1.429090619939827320e+02 1.360294085850556201e+02 1.261229558803630368e+02 1.274754878398196212e+02 1.163314230979746924e+02 1.295453588516392927e+02 1.426569311319993290e+02 1.194152419082254397e+02 1.190378091196238444e+02 1.237739875741264086e+02 1.413152504155160045e+02 1.170598137705677431e+02 1.171921499077476625e+02 1.371531990148242812e+02 1.393413075868028557e+02 1.498699436177914777e+02 1.486337781259697408e+02 1.444402990858160649e+02 1.392228429533027452e+02 1.494623698460585786e+02 1.496529318122434802e+02 1.176690273606440513e+02 1.188654701753204677e+02 1.358896611225445668e+02 1.370656776877420953e+02 1.438923208513922134e+02 1.324197870410611984e+02 1.371495534079495258e+02 1.433248059478888763e+02 1.423692382504029581e+02 1.444714504668656048e+02 1.432515270424717073e+02
1.422778970887607670e+02 1.416862731530475514e+02 1.419718281913704061e+02 1.421653966336393751e+02 1.438471410908121015e+02 1.200666481584290750e+02 1.424710496908056143e+02 0.000000000000000000e+00 1.416615685357182599e+02 1.415627069534911016e+02 1.415415133450253791e+02 1.203619541217240254e+02 1.432550173641398032e+02 1.469047310334149756e+02 1.466151424648900274e+02 1.429160592795645073e+02 1.479729705047513164e+02 1.158145068633459260e+02 1.452308507170566827e+02 1.457669372663087870e+02 1.463693957082558939e+02 1.174563748802081875e+02 1.441422908101574478e+02 1.448240311550538308e+02 1.443156263195361646e+02 1.443814392503413160e+02 1.194864008998513611e+02 1.176435293588219366e+02 1.194278024582215920e+02 1.459143584435747130e+02 1.200624837324299250e+02 1.207476707849886424e+02 1.457189074897283092e+02 1.445925309274306869e+02 1.433178286187730350e+02 1.440243035046516127e+02 1.186212459890722926e+02 1.412126056696072851e+02 1.441249457935717544e+02 1.190546093185811998e+02 1.164173526584417715e+02 1.208304597359457233e+02 1.197956593537512049e+02
1.304262243569137354e+02 1.287982919141399236e+02 1.296610967098458502e+02 1.294797281430572014e+02 1.345734000462201436e+02 1.445129751960010083e+02 1.345659689520348365e+02 1.416615685357182599e+02 0.000000000000000000e+00 1.151260179108093666e+02 1.299230541512937123e+02 1.420668856560176607e+02 1.183976351115173316e+02 1.420176045425355085e+02 1.422181423025909055e+02 1.361065758881619843e+02 1.436453967240161944e+02 1.421583623991216427e+02 1.385929291125633256e+02 1.400856880626996883e+02 1.410815367083871763e+02 1.408545348932720742e+02 1.372042273401224293e+02 1.373753980885951762e+02 1.339290857132982921e+02 1.351739619897264220e+02 1.495626958836995470e+02 1.486539605930497885e+02 1.432794472351146453e+02 1.347775945771403201e+02 1.493887545968571260e+02 1.498732798066419889e+02 1.379130160644745047e+02 1.376045057401827876e+02 1.300230748751928331e+02 1.307707918458858387e+02 1.425096487961429261e+02 1.276675369857192806e+02 1.334690975469602847e+02 1.426113599963200613e+02 1.418414607933801506e+02 1.432340741583510351e+02 1.430489426734780238e+02
1.305411812417828514e+02 1.291472028345949070e+02 1.304300578854429489e+02 1.297343439494723896e+02 1.352996674053561605e+02 1.439652735905433474e+02 1.338730742158407168e+02 1.415627069534911016e+02 1.151260179108093666e+02 0.000000000000000000e+00 1.302766287558900444e+02 1.428670710835775424e+02 1.193314711214103880e+02 1.422005625867914773e+02 1.419718281913704061e+02 1.351110654239688813e+02 1.434154803359804760e+02 1.417991537351334159e+02 1.376735268670051937e+02 1.391689620569184171e+02 1.410744484306070206e+02 1.406982586956924592e+02 1.373863166403408513e+02 1.373681185719597693e+02 1.336974195712093660e+02 1.351443672522092072e+02 1.494958193395387127e+02 1.484587484791650809e+02 1.435235172367232508e+02 1.354584807237996529e+02 1.493753661083379711e+02 1.493787133429659661e+02 1.371932942967694657e+02 1.366491858739011889e+02 1.310801281659428241e+02 1.311602073801349206e+02 1.428950663948899376e+02 1.277301843731543300e+02 1.336038921588738617e+02 1.426394054951155397e+02 1.417638882085279022e+02 1.437636949998155842e+02 1.436140661634507296e+02
1.287905276019940857e+02 1.269842509920029414e+02 1.277888884058391028e+02 1.272674349549011623e+02 1.310419780070493232e+02 1.439791651594076995e+02 1.315978723232256584e+02 1.415415133450253791e+02 1.299230541512937123e+02 1.302766287558900444e+02 0.000000000000000000e+00 1.430838914762944114e+02 1.318559820410132204e+02 1.396746218895902416e+02 1.400071426749364036e+02 1.338992158304147893e+02 1.418802311810916024e+02 1.417356694696151749e+02 1.365869686317109881e+02 1.374772708486752038e+02 1.394058822288356794e+02 1.404919926543858253e+02 1.362754563375224848e+02 1.360514608521349089e+02 1.336375695678427178e+02 1.353587825004347565e+02 1.492950099634947492e+02 1.480202688823392236e+02 1.437949929587257998e+02 1.359963234797176312e+02 1.492883116657161509e+02 1.494724054800751389e+02 1.355728586406586089e+02 1.357239846158371392e+02 1.318180564262726477e+02 1.331127341767120242e+02 1.434189666675924570e+02 1.278240978845538365e+02 1.339402852020257626e+02 1.431991620087212596e+02 1.416227382873244665e+02 1.433527118683145147e+02 1.434189666675924570e+02
1.427795503564848616e+02 1.421407752898512911e+02 1.422919533916096100e+02 1.428985654231699982e+02 1.444126033281029038e+02 1.149130105775668937e+02 1.429090619939827320e+02 1.203619541217240254e+02 1.420668856560176607e+02 1.428670710835775424e+02 1.430838914762944114e+02 0.000000000000000000e+00 1.441006592628916394e+02 1.469421654937751214e+02 1.462497863246302359e+02 1.431432848582147130e+02 1.472650671408532048e+02 1.192476414861107372e+02 1.452756001536390045e+02 1.462634609189868797e+02 1.465844466510686743e+02 1.147562634456176482e+02 1.449827575955154657e+02 1.448551000137723861e+02 1.442428507760436673e+02 1.441977808428409844e+02 1.317649422266787838e+02 1.306483830745715693e+02 1.148825487182452747e+02 1.449758600595285429e+02 1.319469590403659254e+02 1.326386067478092912e+02 1.462224332994086069e+02 1.441943133414074794e+02 1.433073619881407126e+02 1.442705791213163593e+02 1.191469680688518338e+02 1.423024947075770683e+02 1.444956746757493704e+02 1.188738827497444817e+02 1.172006825918688975e+02 1.177072640069422391e+02 1.183807416770143419e+02
1.321854757528224127e+02 1.303572015655445000e+02 1.318635658550154517e+02 1.315256628951171649e+02 1.358823020117042404e+02 1.452928078054794696e+02 1.360294085850556201e+02 1.432550173641398032e+02 1.183976351115173316e+02 1.193314711214103880e+02 1.318559820410132204e+02 1.441006592628916394e+02 0.000000000000000000e+00 1.430769023986750881e+02 1.427094951290908398e+02 1.369123807403844637e+02 1.443190909062276432e+02 1.436210291008945603e+02 1.397783960417345668e+02 1.407480017620143826e+02 1.423235749972575661e+02 1.424710496908056143e+02 1.388704432195706602e+02 1.385351940843914349e+02 1.352590107904090928e+02 1.364624490473478318e+02 1.507415005895854847e+02 1.498198918702052822e+02 1.448620032996920770e+02 1.364587849865299063e+02 1.507083275734954100e+02 1.512613632095122966e+02 1.397712416772491792e+02 1.390000000000000000e+02 1.315294643796590606e+02 1.330977084701310673e+02 1.443017671409466800e+02 1.301883251294062802e+02 1.344023809312915319e+02 1.442775103749714560e+02 1.430559331170853739e+02 1.450861812854690811e+02 1.441006592628916394e+02
1.392048849717566554e+02 1.381882773609976027e+02 1.404955515310004444e+02 1.406911511076656041e+02 1.417991537351334159e+02 1.486505970388279252e+02 1.261229558803630368e+02 1.469047310334149756e+02 1.420176045425355085e+02 1.422005625867914773e+02 1.396746218895902416e+02 1.469421654937751214e+02 1.430769023986750881e+02 0.000000000000000000e+00 1.296880873480675689e+02 1.150651989091402072e+02 1.236082521517070916e+02 1.465059725744995092e+02 1.288759093081402796e+02 1.306024502067246829e+02 1.322989040015071396e+02 1.456399670420177017e+02 1.272477897646949287e+02 1.276283667528500558e+02 1.422884394460772910e+02 1.444402990858160649e+02 1.527547053285102550e+02 1.526990504227187273e+02 1.485058921389989735e+02 1.440000000000000000e+02 1.539350512391508516e+02 1.530457447954695738e+02 1.288914271780710692e+02 1.273656154540934153e+02 1.415733025679629975e+02 1.421478103946733427e+02 1.476414575923713812e+02 1.397497763862253919e+02 1.427480297587325708e+02 1.477125587077821933e+02 1.462395295397246571e+02 1.482194319244275107e+02 1.474991525399383363e+02
1.398534947722079664e+02 1.375027272456804894e+02 1.393413075868028557e+02 1.392156600386608716e+02 1.418308852119311894e+02 1.482565344259739675e+02 1.274754878398196212e+02 1.466151424648900274e+02 1.422181423025909055e+02 1.419718281913704061e+02 1.400071426749364036e+02 1.462497863246302359e+02 1.427094951290908398e+02 1.296880873480675689e+02 0.000000000000000000e+00 1.255985668708047029e+02 1.263962024745996899e+02 1.465639792036228926e+02 1.301691207621838373e+02 1.299769210283117786e+02 1.325141501878195527e+02 1.447964087952460375e+02 1.284873534632883718e+02 1.298152533410461729e+02 1.423973314356698268e+02 1.431782106327635233e+02 1.521742422356687712e+02 1.524532715293443630e+02 1.481114445274233447e+02 1.431258187749506021e+02 1.537107673521929883e+02 1.533753565603027482e+02 1.292671652044710129e+02 1.284095012061023340e+02 1.415485782337639762e+02 1.418978505827343497e+02 1.480236467595633769e+02 1.397676643576760966e+02 1.420563268566380941e+02 1.472412985544476953e+02 1.461198138515102301e+02 1.469217478796110754e+02 1.472243186433545645e+02
1.335365118609887816e+02 1.309427355755179008e+02 1.339514837543802628e+02 1.336637572418192974e+02 1.380036231408436720e+02 1.453168950948237068e+02 1.163314230979746924e+02 1.429160592795645073e+02 1.361065758881619843e+02 1.351110654239688813e+02 1.338992158304147893e+02 1.431432848582147130e+02 1.369123807403844637e+02 1.150651989091402072e+02 1.255985668708047029e+02 0.000000000000000000e+00 1.246795893480564814e+02 1.430734077318353457e+02 1.199874993488905091e+02 1.207103972323842527e+02 1.249519907804593544e+02 1.418344104933636913e+02 1.205404496424333018e+02 1.205860688471101980e+02 1.384990974699835249e+02 1.399892853042689183e+02 1.501732333007450393e+02 1.493485855306303165e+02 1.444091409849113461e+02 1.398642198705587418e+02 1.496529318122434802e+02 1.493485855306303165e+02 1.196453091433174478e+02 1.213836891843381096e+02 1.372406645276828954e+02 1.376444695583516591e+02 1.445890728928019655e+02 1.339477510076223723e+02 1.383148582040266490e+02 1.439062194625374786e+02 1.427305153076944464e+02 1.448343881818126704e+02 1.437915157441495353e+02
1.406947049465615009e+02 1.406307221058044661e+02 1.423376267892646752e+02 1.420105629874059616e+02 1.429335509948591323e+02 1.486808662874951210e+02 1.295453588516392927e+02 1.479729705047513164e+02 1.436453967240161944e+02 1.434154803359804760e+02 1.418802311810916024e+02 1.472650671408532048e+02 1.443190909062276432e+02 1.236082521517070916e+02 1.263962024745996899e+02 1.246795893480564814e+02 0.000000000000000000e+00 1.471767644704829081e+02 1.320151506456739980e+02 1.329210291865060753e+02 1.345956908671299175e+02 1.457189074897283092e+02 1.303341858454641908e+02 1.306828221305309796e+02 1.434886755113448089e+02 1.446236495183273973e+02 1.531502530197060992e+02 1.529509725369538273e+02 1.487716370818040161e+02 1.442324512722431678e+02 1.540941270782244885e+02 1.535643187722981509e+02 1.322422020385323265e+02 1.285884909313426760e+02 1.438401890988745890e+02 1.429790194399164420e+02 1.483947438422264327e+02 1.424675401626630276e+02 1.436871601779365619e+02 1.480675521510367787e+02 1.464547711752676094e+02 1.473567100609945157e+02 1.470544116985274172e+02
1.425342064207746660e+02 1.408829301228505813e+02 1.417850485770625824e+02 1.418238343861848989e+02 1.435722814473601545e+02 1.167433081593973014e+02 1.426569311319993290e+02 1.158145068633459260e+02 1.421583623991216427e+02 1.417991537351334159e+02 1.417356694696151749e+02 1.192476414861107372e+02 1.436210291008945603e+02 1.465059725744995092e+02 1.465639792036228926e+02 1.430734077318353457e+02 1.471767644704829081e+02 0.000000000000000000e+00 1.453100134195850899e+02 1.461745531889870335e+02 1.462771342349856241e+02 1.132475165290612438e+02 1.448171260590404188e+02 1.444956746757493704e+02 1.435548675594108943e+02 1.441075986893127094e+02 1.288642696793801008e+02 1.271023209858891647e+02 1.175840125187093577e+02 1.449413674559474998e+02 1.287555824032496048e+02 1.294102005253063510e+02 1.461335006081767744e+02 1.437915157441495353e+02 1.426218777046495063e+02 1.434851908734835320e+02 1.146472851837321087e+02 1.413718500975353436e+02 1.435862110371326708e+02 1.157626882894484339e+02 1.135869710838351381e+02 1.182751030437090805e+02 1.176180258293770180e+02
1.359080571562996056e+02 1.341305334366489319e+02 1.368648968874049956e+02 1.358123705705779969e+02 1.408616342372897634e+02 1.472888318916271260e+02 1.194152419082254397e+02 1.452308507170566827e+02 1.385929291125633256e+02 1.376735268670051937e+02 1.365869686317109881e+02 1.452756001536390045e+02 1.397783960417345668e+02 1.288759093081402796e+02 1.301691207621838373e+02 1.199874993488905091e+02 1.320151506456739980e+02 1.453100134195850899e+02 0.000000000000000000e+00 9.620810776644555062e+01 1.026742421447560503e+02 1.441943133414074794e+02 1.225275479229058959e+02 1.236527395571970374e+02 1.410850807137310312e+02 1.429335509948591323e+02 1.521545267154415058e+02 1.513406752991409121e+02 1.471359915180510711e+02 1.434607960384996659e+02 1.521085138971517381e+02 1.521118009886149594e+02 1.222538342956980699e+02 1.231218908236874086e+02 1.393197760549448958e+02 1.403744991086344100e+02 1.467957765060016868e+02 1.366565036871644736e+02 1.407337912514261689e+02 1.469557756605707652e+02 1.449172177486167357e+02 1.472141297566235778e+02 1.464342856027918174e+02
1.375754338535772092e+02 1.351258672497608870e+02 1.384124271877348349e+02 1.368320137979413005e+02 1.412657070912824224e+02 1.480000000000000000e+02 1.190378091196238444e+02 1.457669372663087870e+02 1.400856880626996883e+02 1.391689620569184171e+02 1.374772708486752038e+02 1.462634609189868797e+02 1.407480017620143826e+02 1.306024502067246829e+02 1.299769210283117786e+02 1.207103972323842527e+02 1.329210291865060753e+02 1.461745531889870335e+02 9.620810776644555062e+01 0.000000000000000000e+00 1.038941769301821836e+02 1.445752399271742661e+02 1.230081298126266063e+02 1.237174199536993200e+02 1.421794640586325897e+02 1.437149957380926821e+02 1.526990504227187273e+02 1.520131573252789110e+02 1.479155164274525873e+02 1.441075986893127094e+02 1.528168838839478383e+02 1.526040628554823115e+02 1.229064685034925191e+02 1.237780271292122336e+02 1.407551064793032651e+02 1.415238495802032617e+02 1.475296580352574267e+02 1.377497731395590961e+02 1.422954672503660731e+02 1.471733671558818344e+02 1.459006511294586517e+02 1.477430201397006897e+02 1.465571560859448539e+02
1.394453297891327850e+02 1.377352532941367258e+02 1.401855912710004475e+02 1.393735986476635276e+02 1.422814112946592786e+02 1.478309845736001193e+02 1.237739875741264086e+02 1.463693957082558939e+02 1.410815367083871763e+02 1.410744484306070206e+02 1.394058822288356794e+02 1.465844466510686743e+02 1.423235749972575661e+02 1.322989040015071396e+02 1.325141501878195527e+02 1.249519907804593544e+02 1.345956908671299175e+02 1.462771342349856241e+02 1.026742421447560503e+02 1.038941769301821836e+02 0.000000000000000000e+00 1.451068571777364298e+02 1.261705195360627840e+02 1.275068625604127988e+02 1.428670710835775424e+02 1.446098198602017533e+02 1.526007863675675935e+02 1.523679756379272874e+02 1.478073069912309734e+02 1.446409347314929335e+02 1.532220610747682201e+02 1.526564770980910453e+02 1.277497553813704911e+02 1.265977882903172969e+02 1.416403897198817958e+02 1.423622140878681250e+02 1.475364361776439353e+02 1.393592479887861657e+02 1.424078649513431856e+02 1.474516870028959659e+02 1.459349170006958900e+02 1.475940378199607323e+02 1.468638825579658942e+02
1.408367849675644834e+02 1.401820245252578729e+02 1.405560386465128033e+02 1.409290601685826800e+02 1.425622670975738799e+02 1.180931835458761725e+02 1.413152504155160045e+02 1.174563748802081875e+02 1.408545348932720742e+02 1.406982586956924592e+02 1.404919926543858253e+02 1.147562634456176482e+02 1.424710496908056143e+02 1.456399670420177017e+02 1.447964087952460375e+02 1.418344104933636913e+02 1.457189074897283092e+02 1.132475165290612438e+02 1.441943133414074794e+02 1.445752399271742661e+02 1.451068571777364298e+02 0.000000000000000000e+00 1.429230562225703238e+02 1.435270009440732508e+02 1.425868156597937286e+02 1.423235749972575661e+02 1.297728785224401236e+02 1.281951637153289880e+02 1.188318139220301504e+02 1.440798389782553954e+02 1.294797281430572014e+02 1.299846144741753733e+02 1.448171260590404188e+02 1.429300528230504881e+02 1.415485782337639762e+02 1.425798022161624488e+02 1.159267009795413799e+02 1.400749799214692075e+02 1.426534261768710508e+02 1.156978824352459725e+02 1.154166365824268894e+02 1.172262769177627746e+02 1.188654701753204677e+02
1.354916971625936810e+02 1.327780102275975480e+02 1.356871401423141492e+02 1.344916354276354298e+02 1.391725547656577362e+02 1.467344540317644714e+02 1.170598137705677431e+02 1.441422908101574478e+02 1.372042273401224293e+02 1.373863166403408513e+02 1.362754563375224848e+02 1.449827575955154657e+02 1.388704432195706602e+02 1.272477897646949287e+02 1.284873534632883718e+02 1.205404496424333018e+02 1.303341858454641908e+02 1.448171260590404188e+02 1.225275479229058959e+02 1.230081298126266063e+02 1.261705195360627840e+02 1.429230562225703238e+02 0.000000000000000000e+00 1.179957626357828104e+02 1.397426205565073758e+02 1.410283659410403914e+02 1.518486088181251716e+02 1.506950563223624897e+02 1.463420650394137397e+02 1.415556427699016240e+02 1.516311313681989361e+02 1.517201370945861072e+02 1.193524193303177299e+02 1.208470107201663524e+02 1.382280724020992864e+02 1.387876075159450124e+02 1.458698049631931326e+02 1.362938002992065663e+02 1.387119317146149342e+02 1.452274078815703433e+02 1.442983021383134599e+02 1.460513608289905676e+02 1.456365338780074126e+02
1.350222203935337575e+02 1.329022196955340576e+02 1.361469794009400687e+02 1.362240801033356092e+02 1.397855500400524136e+02 1.467378615082010924e+02 1.171921499077476625e+02 1.448240311550538308e+02 1.373753980885951762e+02 1.373681185719597693e+02 1.360514608521349089e+02 1.448551000137723861e+02 1.385351940843914349e+02 1.276283667528500558e+02 1.298152533410461729e+02 1.205860688471101980e+02 1.306828221305309796e+02 1.444956746757493704e+02 1.236527395571970374e+02 1.237174199536993200e+02 1.275068625604127988e+02 1.435270009440732508e+02 1.179957626357828104e+02 0.000000000000000000e+00 1.398892419022992613e+02 1.408687332235226677e+02 1.514958745312887913e+02 1.507315494513341889e+02 1.466049112410631210e+02 1.415309153506752295e+02 1.519177408994749499e+02 1.516575088810310206e+02 1.205404496424333018e+02 1.191175889614963666e+02 1.392048849717566554e+02 1.396746218895902416e+02 1.457772273024837091e+02 1.355617940276684408e+02 1.393628357920431995e+02 1.459177850709090194e+02 1.443571958719065833e+02 1.460068491544146809e+02 1.454613350688078981e+02
1.335440002396213970e+02 1.327554142022087262e+02 1.338394560658403236e+02 1.325292420562345228e+02 1.361873709269695780e+02 1.458526653853127186e+02 1.371531990148242812e+02 1.443156263195361646e+02 1.339290857132982921e+02 1.336974195712093660e+02 1.336375695678427178e+02 1.442428507760436673e+02 1.352590107904090928e+02 1.422884394460772910e+02 1.423973314356698268e+02 1.384990974699835249e+02 1.434886755113448089e+02 1.435548675594108943e+02 1.410850807137310312e+02 1.421794640586325897e+02 1.428670710835775424e+02 1.425868156597937286e+02 1.397426205565073758e+02 1.398892419022992613e+02 0.000000000000000000e+00 1.354880068493148997e+02 1.512415286883863814e+02 1.504892022704619023e+02 1.451137484871781567e+02 1.375281789307194913e+02 1.514925740754311789e+02 1.513836186646362307e+02 1.405738240214016628e+02 1.391474038564859370e+02 1.348369385591352057e+02 1.355064574107079238e+02 1.452170788853707677e+02 1.316206670701831740e+02 1.364294689574066979e+02 1.452067491544383984e+02 1.440347180370066269e+02 1.451791996120656449e+02 1.444229898596480268e+02
1.346291201783625979e+02 1.333754100274859411e+02 1.349888884316038684e+02 1.349851843722117621e+02 1.380217374184226173e+02 1.456296673071802275e+02 1.393413075868028557e+02 1.443814392503413160e+02 1.351739619897264220e+02 1.351443672522092072e+02 1.353587825004347565e+02 1.441977808428409844e+02 1.364624490473478318e+02 1.444402990858160649e+02 1.431782106327635233e+02 1.399892853042689183e+02 1.446236495183273973e+02 1.441075986893127094e+02 1.429335509948591323e+02 1.437149957380926821e+02 1.446098198602017533e+02 1.423235749972575661e+02 1.410283659410403914e+02 1.408687332235226677e+02 1.354880068493148997e+02 0.000000000000000000e+00 1.507481343168133492e+02 1.504061168968868856e+02 1.448481963988506038e+02 1.381701849170073331e+02 1.510331089529709629e+02 1.512811951301284523e+02 1.420633661434220585e+02 1.413329402510256898e+02 1.363451502621196880e+02 1.370000000000000000e+02 1.451929750366731753e+02 1.327215129509907285e+02 1.360661603779573170e+02 1.442567156149064829e+02 1.440728982147579416e+02 1.445890728928019655e+02 1.449655131401948438e+02
1.493519333654573131e+02 1.489093684091098453e+02 1.494824404403406959e+02 1.495994652396859408e+02 1.506485977365869928e+02 1.321022331378239869e+02 1.498699436177914777e+02 1.194864008998513611e+02 1.495626958836995470e+02 1.494958193395387127e+02 1.492950099634947492e+02 1.317649422266787838e+02 1.507415005895854847e+02 1.527547053285102550e+02 1.521742422356687712e+02 1.501732333007450393e+02 1.531502530197060992e+02 1.288642696793801008e+02 1.521545267154415058e+02 1.526990504227187273e+02 1.526007863675675935e+02 1.297728785224401236e+02 1.518486088181251716e+02 1.514958745312887913e+02 1.512415286883863814e+02 1.507481343168133492e+02 0.000000000000000000e+00 9.589056262218926463e+01 1.317269904006008971e+02 1.510959959760681386e+02 1.152302043736797401e+02 1.162884345066180742e+02 1.534763825479347190e+02 1.509569475049094933e+02 1.496829983665479631e+02 1.504792344478134396e+02 1.307516730294492220e+02 1.484856895461646786e+02 1.503229856010051435e+02 1.299269025259972921e+02 1.293213052826176863e+02 1.311525828948862227e+02 1.310343466423975372e+02
1.488858623241306987e+02 1.478952331889030063e+02 1.486808662874951210e+02 1.491408730026748799e+02 1.499066376115480637e+02 1.303456942135028953e+02 1.486337781259697408e+02 1.176435293588219366e+02 1.486539605930497885e+02 1.484587484791650809e+02 1.480202688823392236e+02 1.306483830745715693e+02 1.498198918702052822e+02 1.526990504227187273e+02 1.524532715293443630e+02 1.493485855306303165e+02 1.529509725369538273e+02 1.271023209858891647e+02 1.513406752991409121e+02 1.520131573252789110e+02 1.523679756379272874e+02 1.281951637153289880e+02 1.506950563223624897e+02 1.507315494513341889e+02 1.504892022704619023e+02 1.504061168968868856e+02 9.589056262218926463e+01 0.000000000000000000e+00 1.296418142421649407e+02 1.506485977365869928e+02 1.117362966989688573e+02 1.130840395458174328e+02 1.519605211888930114e+02 1.503695447888301544e+02 1.489966442575133954e+02 1.494356048604213925e+02 1.280507711808093632e+02 1.476854766048442684e+02 1.504061168968868856e+02 1.285923792454280772e+02 1.269212354178763889e+02 1.302843045036507874e+02 1.293329037793554050e+02
1.435757639715004359e+02 1.427865539888122726e+02 1.434189666675924570e+02 1.433806123574592561e+02 1.450551619212498053e+02 1.138639539099183082e+02 1.444402990858160649e+02 1.194278024582215920e+02 1.432794472351146453e+02 1.435235172367232508e+02 1.437949929587257998e+02 1.148825487182452747e+02 1.448620032996920770e+02 1.485058921389989735e+02 1.481114445274233447e+02 1.444091409849113461e+02 1.487716370818040161e+02 1.175840125187093577e+02 1.471359915180510711e+02 1.479155164274525873e+02 1.478073069912309734e+02 1.188318139220301504e+02 1.463420650394137397e+02 1.466049112410631210e+02 1.451137484871781567e+02 1.448481963988506038e+02 1.317269904006008971e+02 1.296418142421649407e+02 0.000000000000000000e+00 1.468604780054865557e+02 1.318635658550154517e+02 1.328118970574548996e+02 1.479493156455953340e+02 1.454578976886439250e+02 1.443849022578191921e+02 1.448999654934396517e+02 1.178982612255159665e+02 1.434363970545830398e+02 1.448481963988506038e+02 1.165632875308516674e+02 1.158878768465450833e+02 1.166576186967657947e+02 1.166533325713414797e+02
1.361322886019330838e+02 1.338357201945728718e+02 1.366199107011858587e+02 1.363598181283621500e+02 1.375754338535772092e+02 1.462087548678258884e+02 1.392228429533027452e+02 1.459143584435747130e+02 1.347775945771403201e+02 1.354584807237996529e+02 1.359963234797176312e+02 1.449758600595285429e+02 1.364587849865299063e+02 1.440000000000000000e+02 1.431258187749506021e+02 1.398642198705587418e+02 1.442324512722431678e+02 1.449413674559474998e+02 1.434607960384996659e+02 1.441075986893127094e+02 1.446409347314929335e+02 1.440798389782553954e+02 1.415556427699016240e+02 1.415309153506752295e+02 1.375281789307194913e+02 1.381701849170073331e+02 1.510959959760681386e+02 1.506485977365869928e+02 1.468604780054865557e+02 0.000000000000000000e+00 1.527088733505686093e+02 1.520098681007256118e+02 1.427200056053810613e+02 1.415344481036330535e+02 1.368904671626187337e+02 1.368868145585980187e+02 1.462190138114739284e+02 1.332666499916614669e+02 1.360918807276907216e+02 1.463454816521507666e+02 1.458560934620148259e+02 1.460102736111401214e+02 1.454510226846136618e+02
1.496061496062244203e+02 1.492581656057718078e+02 1.490738072231335991e+02 1.497998664885920448e+02 1.512183851256189087e+02 1.321325092473460927e+02 1.494623698460585786e+02 1.200624837324299250e+02 1.493887545968571260e+02 1.493753661083379711e+02 1.492883116657161509e+02 1.319469590403659254e+02 1.507083275734954100e+02 1.539350512391508516e+02 1.537107673521929883e+02 1.496529318122434802e+02 1.540941270782244885e+02 1.287555824032496048e+02 1.521085138971517381e+02 1.528168838839478383e+02 1.532220610747682201e+02 1.294797281430572014e+02 1.516311313681989361e+02 1.519177408994749499e+02 1.514925740754311789e+02 1.510331089529709629e+02 1.152302043736797401e+02 1.117362966989688573e+02 1.318635658550154517e+02 1.527088733505686093e+02 0.000000000000000000e+00 7.978095010715277624e+01 1.530000000000000000e+02 1.511092320144603320e+02 1.503296377964105943e+02 1.514595655612414475e+02 1.300000000000000000e+02 1.492112596287558972e+02 1.507945622361761480e+02 1.304185569618066154e+02 1.291665591397402011e+02 1.317080103866124148e+02 1.312021341289843406e+02
1.494155279748393355e+02 1.489865765765493393e+02 1.490234880815772556e+02 1.500233315188007737e+02 1.507647173578752131e+02 1.317497628081356424e+02 1.496529318122434802e+02 1.207476707849886424e+02 1.498732798066419889e+02 1.493787133429659661e+02 1.494724054800751389e+02 1.326386067478092912e+02 1.512613632095122966e+02 1.530457447954695738e+02 1.533753565603027482e+02 1.493485855306303165e+02 1.535643187722981509e+02 1.294102005253063510e+02 1.521118009886149594e+02 1.526040628554823115e+02 1.526564770980910453e+02 1.299846144741753733e+02 1.517201370945861072e+02 1.516575088810310206e+02 1.513836186646362307e+02 1.512811951301284523e+02 1.162884345066180742e+02 1.130840395458174328e+02 1.328118970574548996e+02 1.520098681007256118e+02 7.978095010715277624e+01 0.000000000000000000e+00 1.531339283111355485e+02 1.508210860589460083e+02 1.498332406377169832e+02 1.511125408429095387e+02 1.306407287181145591e+02 1.492213121507782603e+02 1.508509197850646046e+02 1.307975534939396312e+02 1.293638280200458439e+02 1.317952958189327717e+02 1.320870924806810933e+02
1.353550885633783594e+02 1.330901949806972198e+02 1.360220570348794524e+02 1.358418197757965800e+02 1.404207961806227729e+02 1.482093114483702152e+02 1.176690273606440513e+02 1.457189074897283092e+02 1.379130160644745047e+02 1.371932942967694657e+02 1.355728586406586089e+02 1.462224332994086069e+02 1.397712416772491792e+02 1.288914271780710692e+02 1.292671652044710129e+02 1.196453091433174478e+02 1.322422020385323265e+02 1.461335006081767744e+02 1.222538342956980699e+02 1.229064685034925191e+02 1.277497553813704911e+02 1.448171260590404188e+02 1.193524193303177299e+02 1.205404496424333018e+02 1.405738240214016628e+02 1.420633661434220585e+02 1.534763825479347190e+02 1.519605211888930114e+02 1.479493156455953340e+02 1.427200056053810613e+02 1.530000000000000000e+02 1.531339283111355485e+02 0.000000000000000000e+00 1.201124473150056104e+02 1.390827092057096763e+02 1.402319507102429270e+02 1.473736747183838247e+02 1.355396620919500492e+02 1.407408966860734552e+02 1.465264481245621369e+02 1.458115221784616153e+02 1.475601572240962298e+02 1.471495837574812811e+02
1.341491707018720376e+02 1.334391246973690386e+02 1.356723995512720364e+02 1.364038122634407841e+02 1.384954872911027337e+02 1.458389522727038923e+02 1.188654701753204677e+02 1.445925309274306869e+02 1.376045057401827876e+02 1.366491858739011889e+02 1.357239846158371392e+02 1.441943133414074794e+02 1.390000000000000000e+02 1.273656154540934153e+02 1.284095012061023340e+02 1.213836891843381096e+02 1.285884909313426760e+02 1.437915157441495353e+02 1.231218908236874086e+02 1.237780271292122336e+02 1.265977882903172969e+02 1.429300528230504881e+02 1.208470107201663524e+02 1.191175889614963666e+02 1.391474038564859370e+02 1.413329402510256898e+02 1.509569475049094933e+02 1.503695447888301544e+02 1.454578976886439250e+02 1.415344481036330535e+02 1.511092320144603320e+02 1.508210860589460083e+02 1.201124473150056104e+02 0.000000000000000000e+00 1.394238143216574031e+02 1.386650640933036129e+02 1.450034482348609401e+02 1.359705850542682697e+02 1.383003976856176678e+02 1.451378654934679560e+02 1.439374864307418704e+02 1.460239706349611595e+02 1.450517149157499546e+02
1.323593593215077533e+02 1.306789960169575124e+02 1.319014783844366150e+02 1.313887361991125999e+02 1.355433509988594096e+02 1.448654548192908464e+02 1.358896611225445668e+02 1.433178286187730350e+02 1.300230748751928331e+02 1.310801281659428241e+02 1.318180564262726477e+02 1.433073619881407126e+02 1.315294643796590606e+02 1.415733025679629975e+02 1.415485782337639762e+02 1.372406645276828954e+02 1.438401890988745890e+02 1.426218777046495063e+02 1.393197760549448958e+02 1.407551064793032651e+02 1.416403897198817958e+02 1.415485782337639762e+02 1.382280724020992864e+02 1.392048849717566554e+02 1.348369385591352057e+02 1.363451502621196880e+02 1.496829983665479631e+02 1.489966442575133954e+02 1.443849022578191921e+02 1.368904671626187337e+02 1.503296377964105943e+02 1.498332406377169832e+02 1.390827092057096763e+02 1.394238143216574031e+02 0.000000000000000000e+00 1.325330147548149569e+02 1.435792464111718232e+02 1.309694620894504453e+02 1.352257371952543679e+02 1.437706506906051516e+02 1.430069928360148310e+02 1.442983021383134599e+02 1.435095815616504353e+02
1.327177456107509386e+02 1.317497628081356424e+02 1.326762978078601520e+02 1.322119510483072702e+02 1.352516173655605485e+02 1.453168950948237068e+02 1.370656776877420953e+02 1.440243035046516127e+02 1.307707918458858387e+02 1.311602073801349206e+02 1.331127341767120242e+02 1.442705791213163593e+02 1.330977084701310673e+02 1.421478103946733427e+02 1.418978505827343497e+02 1.376444695583516591e+02 1.429790194399164420e+02 1.434851908734835320e+02 1.403744991086344100e+02 1.415238495802032617e+02 1.423622140878681250e+02 1.425798022161624488e+02 1.387876075159450124e+02 1.396746218895902416e+02 1.355064574107079238e+02 1.370000000000000000e+02 1.504792344478134396e+02 1.494356048604213925e+02 1.448999654934396517e+02 1.368868145585980187e+02 1.514595655612414475e+02 1.511125408429095387e+02 1.402319507102429270e+02 1.386650640933036129e+02 1.325330147548149569e+02 0.000000000000000000e+00 1.447825956391167779e+02 1.310496089273066218e+02 1.345771154394386713e+02 1.448620032996920770e+02 1.436662799685437619e+02 1.451723114095797484e+02 1.443606594609487104e+02
1.433666627915987988e+02 1.423797738444614822e+02 1.433143398268296096e+02 1.439374864307418704e+02 1.448827111839090378e+02 1.172902382979930707e+02 1.438923208513922134e+02 1.186212459890722926e+02 1.425096487961429261e+02 1.428950663948899376e+02 1.434189666675924570e+02 1.191469680688518338e+02 1.443017671409466800e+02 1.476414575923713812e+02 1.480236467595633769e+02 1.445890728928019655e+02 1.483947438422264327e+02 1.146472851837321087e+02 1.467957765060016868e+02 1.475296580352574267e+02 1.475364361776439353e+02 1.159267009795413799e+02 1.458698049631931326e+02 1.457772273024837091e+02 1.452170788853707677e+02 1.451929750366731753e+02 1.307516730294492220e+02 1.280507711808093632e+02 1.178982612255159665e+02 1.462190138114739284e+02 1.300000000000000000e+02 1.306407287181145591e+02 1.473736747183838247e+02 1.450034482348609401e+02 1.435792464111718232e+02 1.447825956391167779e+02 0.000000000000000000e+00 1.428915672809280863e+02 1.451378654934679560e+02 1.153473016589464919e+02 1.154382952057071918e+02 1.190084030646575854e+02 1.186676029925606883e+02
