0.000000000000000000e+00 1.285612694399055727e+02 1.336974195712093660e+02 1.332216198670471101e+02 1.375172716425104227e+02 1.481755715359316525e+02 1.363084736911098958e+02 1.459280644701354106e+02 1.350148140020197900e+02 1.341789849417560561e+02 1.329774416959508301e+02 1.466015006744474078e+02 1.357350360076572144e+02 1.429650306893262552e+02 1.434886755113448089e+02 1.374336203408758479e+02 1.444472221955133477e+02 1.463693957082558939e+02 1.398177385026664012e+02 1.412373888175507091e+02 1.432131278898690994e+02 1.452962490912962323e+02 1.395098562826297268e+02 1.392767030052047232e+02 1.374627222195166496e+02 1.382280724020992864e+02 1.526990504227187273e+02 1.525254077195009472e+02 1.477294825009551005e+02 1.396173341673590187e+02 1.530326762492246360e+02 1.533655763201116713e+02 1.393377192292166171e+02 1.376553667678815884e+02 1.364587849865299063e+02 1.371057985644662551e+02 1.474788120375262679e+02 1.328909327230417148e+02 1.362717872488652802e+02 1.467310464761974060e+02 1.454785207513466503e+02 1.477870089013239294e+02 1.472446943016963132e+02
1.285612694399055727e+02 0.000000000000000000e+00 1.313659012072767780e+02 1.307440247200613044e+02 1.356871401423141492e+02 1.477633242722970124e+02 1.346254062203713602e+02 1.463728116830444606e+02 1.327365812427003959e+02 1.328834075421005991e+02 1.312516666560847796e+02 1.467583047053896621e+02 1.339701459281133964e+02 1.427480297587325708e+02 1.422216579849918503e+02 1.353661700721417276e+02 1.444056785587048921e+02 1.457326318982814541e+02 1.388200273735745895e+02 1.393915348936225769e+02 1.425482374496436933e+02 1.451516448408353313e+02 1.376408369634535518e+02 1.379855064852827127e+02 1.363964808930201116e+02 1.372770920437929476e+02 1.530980078250530312e+02 1.524991803256660035e+02 1.476550033016152099e+02 1.392372076709382895e+02 1.535219853962291552e+02 1.535024429773024792e+02 1.377933234957340005e+02 1.373499180924400775e+02 1.350814569065643411e+02 1.358970198348735039e+02 1.475466028073842040e+02 1.308204876921042512e+02 1.352627073512873324e+02 1.470986063836092228e+02 1.464650128870372896e+02 1.478546583642192900e+02 1.477057886475679140e+02
1.336974195712093660e+02 1.313659012072767780e+02 0.000000000000000000e+00 1.330826810670719738e+02 1.341938895777300331e+02 1.490268432196025685e+02 1.377134706555607693e+02 1.473770674155243228e+02 1.347442021016117906e+02 1.346959539110214052e+02 1.318180564262726477e+02 1.478343667757940523e+02 1.368612436009551914e+02 1.449827575955154657e+02 1.442775103749714560e+02 1.386758811041054855e+02 1.465810356082941723e+02 1.474889826393822432e+02 1.415909601634228636e+02 1.427270121595768444e+02 1.449862062404558571e+02 1.461506072515608707e+02 1.403139337343230579e+02 1.412834031300209006e+02 1.384810456344116290e+02 1.395206077968412615e+02 1.543955957921079971e+02 1.540486936004327276e+02 1.489865765765493393e+02 1.412798640995948745e+02 1.540649213805660622e+02 1.541557653803450876e+02 1.407408966860734552e+02 1.397640869465400328e+02 1.367406303919943298e+02 1.373863166403408513e+02 1.489798644112686929e+02 1.337497663549360993e+02 1.376698950388210392e+02 1.476719336908676041e+02 1.473058043662909995e+02 1.491576347358726480e+02 1.491844495917721360e+02
1.332216198670471101e+02 1.307440247200613044e+02 1.330826810670719738e+02 0.000000000000000000e+00 1.363928150600316656e+02 1.485732142749829450e+02 1.378695035169126868e+02 1.469863939281456169e+02 1.340335778825589728e+02 1.336487934850142949e+02 1.319962120668619718e+02 1.474449049645324408e+02 1.355949851580064944e+02 1.449793088685416649e+02 1.441769745833224192e+02 1.382750881395488420e+02 1.462224332994086069e+02 1.469625802713057965e+02 1.409716283512395307e+02 1.412515486640766085e+02 1.439652735905433474e+02 1.459897256658837534e+02 1.391222484004625244e+02 1.407693148381422077e+02 1.365942897781602028e+02 1.398248904880672399e+02 1.539447953001334781e+02 1.539155612665593935e+02 1.483846353232031845e+02 1.407373440135914962e+02 1.542497974066740767e+02 1.547094050146919813e+02 1.404385986828407624e+02 1.405240192991931281e+02 1.362534403235382570e+02 1.369379421489895208e+02 1.489630826748694687e+02 1.340223861897705433e+02 1.377606620193152196e+02 1.475872623230067120e+02 1.473431369287351629e+02 1.485294583575931711e+02 1.481654480639801648e+02
1.375172716425104227e+02 1.356871401423141492e+02 1.341938895777300331e+02 1.363928150600316656e+02 0.000000000000000000e+00 1.502963738750872267e+02 1.414673107116976212e+02 1.483846353232031845e+02 1.390970883951206361e+02 1.393448958519830398e+02 1.349370223474639943e+02 1.490939301246029913e+02 1.396889401491757212e+02 1.457120448006958782e+02 1.454991408909344841e+02 1.415591749057615800e+02 1.462121745956881682e+02 1.485496549979164342e+02 1.445683229480096088e+02 1.446962335377116915e+02 1.466049112410631210e+02 1.472888318916271260e+02 1.430594282107963693e+02 1.438436651368422190e+02 1.399392725434857994e+02 1.414708450529648758e+02 1.545380212116099301e+02 1.542303472083234226e+02 1.499033021650957380e+02 1.420492872210205917e+02 1.554091374404993076e+02 1.548031007441388454e+02 1.437636949998155842e+02 1.416545092822674690e+02 1.400285685137143616e+02 1.401392164955976796e+02 1.500499916694433011e+02 1.376045057401827876e+02 1.401748907615055089e+02 1.495894381298358837e+02 1.484823221801167676e+02 1.497330958739583480e+02 1.500133327407934019e+02
1.481755715359316525e+02 1.477633242722970124e+02 1.490268432196025685e+02 1.485732142749829450e+02 1.502963738750872267e+02 0.000000000000000000e+00 1.489966442575133954e+02 1.236406082159093813e+02 1.486304141150121438e+02 1.476685477683043928e+02 1.481856943162868276e+02 1.177879450538127060e+02 1.485058921389989735e+02 1.531045394493579295e+02 1.515420733657818175e+02 1.494389507457811419e+02 1.520756390747709474e+02 1.198749348279280582e+02 1.515486720496091948e+02 1.512679741386126864e+02 1.518815327813095166e+02 1.215524578114321770e+02 1.504493270174380086e+02 1.503728698934751264e+02 1.492045575711412368e+02 1.497698233957695493e+02 1.356576573585140579e+02 1.336413109783049151e+02 1.169444312483497441e+02 1.501366044640680002e+02 1.352811886405497148e+02 1.356207948656842177e+02 1.522924817579646515e+02 1.491140503104922175e+02 1.490536816049841775e+02 1.497130588826505857e+02 1.207973509643319971e+02 1.476820909927808430e+02 1.490436177768105495e+02 1.206979701569168952e+02 1.203245610837621200e+02 1.197956593537512049e+02 1.204865137681392184e+02
1.363084736911098958e+02 1.346254062203713602e+02 1.377134706555607693e+02 1.378695035169126868e+02 1.414673107116976212e+02 1.489966442575133954e+02 0.000000000000000000e+00 1.475432140086422237e+02 1.391078718117705932e+02 1.379855064852827127e+02 1.365173981586229957e+02 1.478648031141961781e+02 1.404706375012229955e+02 1.302113666313352098e+02 1.307937307366067898e+02 1.210123960592467540e+02 1.332779051456016930e+02 1.475059320841029660e+02 1.235354200219515945e+02 1.229390092688240230e+02 1.278905782299853371e+02 1.460719001040241096e+02 1.208263216356436089e+02 1.221065108829172914e+02 1.411807352297047657e+02 1.433840995368733218e+02 1.542562802611290635e+02 1.536554587380480825e+02 1.490503270710936761e+02 1.436767204525493185e+02 1.539188097667078523e+02 1.543340532740587321e+02 1.213301281627939261e+02 1.216593605112241221e+02 1.410425467722417352e+02 1.416333294108417249e+02 1.487817193071783208e+02 1.379927534329248715e+02 1.415061836104698330e+02 1.473567100609945157e+02 1.469829922133850175e+02 1.491609868564833619e+02 1.483812656638296801e+02
1.459280644701354106e+02 1.463728116830444606e+02 1.473770674155243228e+02 1.469863939281456169e+02 1.483846353232031845e+02 1.236406082159093813e+02 1.475432140086422237e+02 0.000000000000000000e+00 1.458972240997065626e+02 1.458458089901797621e+02 1.466696969383928320e+02 1.239637043654310986e+02 1.470204067468186508e+02 1.519210321186635326e+02 1.511423170392726263e+02 1.477599404439511943e+02 1.518222645068897521e+02 1.201873537440607720e+02 1.501465950329876762e+02 1.504160895649132215e+02 1.512249979335427099e+02 1.209297316626477965e+02 1.488757871515714157e+02 1.491475779220031370e+02 1.482396708037359474e+02 1.491509302686376088e+02 1.231178297404563580e+02 1.209917352549338432e+02 1.233896267925306631e+02 1.499799986664888536e+02 1.236042070481421717e+02 1.247156766409099049e+02 1.504327092091344298e+02 1.484856895461646786e+02 1.477565565381110275e+02 1.485698488927009748e+02 1.228291496347670773e+02 1.458663772087316772e+02 1.479560745626890537e+02 1.222579240785643293e+02 1.209090567327361185e+02 1.248439025343248403e+02 1.238951169336386755e+02
1.350148140020197900e+02 1.327365812427003959e+02 1.347442021016117906e+02 1.340335778825589728e+02 1.390970883951206361e+02 1.486304141150121438e+02 1.391078718117705932e+02 1.458972240997065626e+02 0.000000000000000000e+00 1.190924011009938397e+02 1.340820644232478855e+02 1.465025597046003725e+02 1.221515452214993473e+02 1.462873883832779427e+02 1.463898903613224149e+02 1.405026690137949004e+02 1.470578117612253948e+02 1.465639792036228926e+02 1.424570110594771677e+02 1.441422908101574478e+02 1.452342934709292308e+02 1.456639969244288011e+02 1.418802311810916024e+02 1.413329402510256898e+02 1.376989469821755847e+02 1.381520901036245732e+02 1.535773420788366082e+02 1.529934639126783225e+02 1.478478948108494251e+02 1.392551614842336960e+02 1.533036203095021506e+02 1.539870124393612514e+02 1.420844819112910784e+02 1.413010969525714700e+02 1.346179779969971264e+02 1.353772506738115169e+02 1.472854371619950768e+02 1.322081691878380241e+02 1.366638211085874843e+02 1.466253729748027013e+02 1.463728116830444606e+02 1.483172275900544150e+02 1.476211366979674722e+02
1.341789849417560561e+02 1.328834075421005991e+02 1.346959539110214052e+02 1.336487934850142949e+02 1.393448958519830398e+02 1.476685477683043928e+02 1.379855064852827127e+02 1.458458089901797621e+02 1.190924011009938397e+02 0.000000000000000000e+00 1.341827112559587647e+02 1.466765148208805840e+02 1.235799336462032585e+02 1.461198138515102301e+02 1.456948866638771278e+02 1.395922633959346513e+02 1.472514855612669180e+02 1.459177850709090194e+02 1.415309153506752295e+02 1.431083505599865475e+02 1.454853944559384331e+02 1.452205219657332123e+02 1.412055239712667856e+02 1.419436507914320202e+02 1.374554473274886277e+02 1.382714721119291426e+02 1.536001302082781308e+02 1.529182788289222117e+02 1.477227132163500301e+02 1.395671881209906644e+02 1.532807880981827395e+02 1.537302832886220756e+02 1.412975583653164051e+02 1.398320421076657283e+02 1.353772506738115169e+02 1.354843164355195881e+02 1.476753195357978541e+02 1.322648857406983893e+02 1.369525465261599209e+02 1.462395295397246571e+02 1.460273946901744750e+02 1.481316981607920411e+02 1.477260978974263708e+02
1.329774416959508301e+02 1.312516666560847796e+02 1.318180564262726477e+02 1.319962120668619718e+02 1.349370223474639943e+02 1.481856943162868276e+02 1.365173981586229957e+02 1.466696969383928320e+02 1.340820644232478855e+02 1.341827112559587647e+02 0.000000000000000000e+00 1.479628331710365785e+02 1.367881573821359780e+02 1.433596874996594011e+02 1.443745129861915757e+02 1.382497739600322006e+02 1.460000000000000000e+02 1.471971467114767051e+02 1.410177293818050259e+02 1.411913595090011029e+02 1.436279917007823315e+02 1.460410901082294686e+02 1.401855912710004475e+02 1.403317497931241462e+02 1.377279927973975759e+02 1.394560862780825232e+02 1.535838533179839089e+02 1.526466507985026055e+02 1.491207564358496711e+02 1.408332347139694036e+02 1.537725593205757946e+02 1.540389561117576420e+02 1.397139935725838313e+02 1.399428454762872036e+02 1.363304808177540224e+02 1.380905500025255037e+02 1.488522757635905407e+02 1.331653107982705819e+02 1.381484708565389781e+02 1.477328670269415625e+02 1.463249807790863883e+02 1.485530208376793553e+02 1.484115898439202113e+02
1.466015006744474078e+02 1.467583047053896621e+02 1.478343667757940523e+02 1.474449049645324408e+02 1.490939301246029913e+02 1.177879450538127060e+02 1.478648031141961781e+02 1.239637043654310986e+02 1.465025597046003725e+02 1.466765148208805840e+02 1.479628331710365785e+02 0.000000000000000000e+00 1.476617756902577696e+02 1.518453160291749100e+02 1.499899996666444508e+02 1.476956329753862462e+02 1.509867543859394345e+02 1.226295233620354566e+02 1.497765001594041792e+02 1.503662196106558895e+02 1.510629008062535377e+02 1.178770545950313391e+02 1.493351934407961323e+02 1.488892205634780055e+02 1.481688226314834367e+02 1.488186816229736564e+02 1.354289481610190933e+02 1.339029499301639703e+02 1.182624200665621430e+02 1.489194413097228846e+02 1.353033628554737788e+02 1.362020557847788211e+02 1.505622794726487825e+02 1.475161008161481959e+02 1.477396358463090280e+02 1.488690699910495141e+02 1.224744871391589101e+02 1.468809041366507984e+02 1.482767682410161001e+02 1.219180052330253687e+02 1.207807931750739954e+02 1.217908042505672910e+02 1.223151666801791180e+02
1.357350360076572144e+02 1.339701459281133964e+02 1.368612436009551914e+02 1.355949851580064944e+02 1.396889401491757212e+02 1.485058921389989735e+02 1.404706375012229955e+02 1.470204067468186508e+02 1.221515452214993473e+02 1.235799336462032585e+02 1.367881573821359780e+02 1.476617756902577696e+02 0.000000000000000000e+00 1.471631747415092946e+02 1.469795904198946914e+02 1.408687332235226677e+02 1.480641752754527829e+02 1.478242199370590413e+02 1.437741284098081280e+02 1.446582178792480420e+02 1.466424222385868745e+02 1.465844466510686743e+02 1.430489426734780238e+02 1.430174814489473647e+02 1.388452375848736153e+02 1.398963902322000479e+02 1.542886904474854930e+02 1.539415473483360870e+02 1.491710427663492737e+02 1.403887459877037429e+02 1.544182631685773117e+02 1.551676512679108555e+02 1.438436651368422190e+02 1.423832855359083283e+02 1.361286156544611288e+02 1.376008720902596565e+02 1.485462890818885455e+02 1.348183963708217448e+02 1.378404875209022293e+02 1.474245569774588205e+02 1.471189994528239140e+02 1.495225735466053436e+02 1.483003708693946692e+02
1.429650306893262552e+02 1.427480297587325708e+02 1.449827575955154657e+02 1.449793088685416649e+02 1.457120448006958782e+02 1.531045394493579295e+02 1.302113666313352098e+02 1.519210321186635326e+02 1.462873883832779427e+02 1.461198138515102301e+02 1.433596874996594011e+02 1.518453160291749100e+02 1.471631747415092946e+02 0.000000000000000000e+00 1.327328143301421903e+02 1.179618582423996855e+02 1.261348484757483703e+02 1.511125408429095387e+02 1.329736816065494907e+02 1.339589489358587002e+02 1.360257328596321145e+02 1.505191017778142282e+02 1.309121843068856492e+02 1.313735133122350476e+02 1.457223387130470087e+02 1.482969992953330234e+02 1.572005089050286699e+02 1.573753474976306563e+02 1.530000000000000000e+02 1.484654842042419034e+02 1.585307541141465606e+02 1.577656489860831641e+02 1.323933533074829256e+02 1.301998463900783634e+02 1.460684770920817073e+02 1.466458318534829743e+02 1.525221295419127046e+02 1.446409347314929335e+02 1.468570733740802723e+02 1.520296023805890115e+02 1.509271347372632022e+02 1.532122710490253041e+02 1.524335920983298251e+02
1.434886755113448089e+02 1.422216579849918503e+02 1.442775103749714560e+02 1.441769745833224192e+02 1.454991408909344841e+02 1.515420733657818175e+02 1.307937307366067898e+02 1.511423170392726263e+02 1.463898903613224149e+02 1.456948866638771278e+02 1.443745129861915757e+02 1.499899996666444508e+02 1.469795904198946914e+02 1.327328143301421903e+02 0.000000000000000000e+00 1.289922478290846755e+02 1.293599628942432958e+02 1.504759116935331917e+02 1.330263131865271191e+02 1.329924809904680387e+02 1.359521974813206100e+02 1.487279395406256413e+02 1.322800060477773059e+02 1.332628980624389783e+02 1.457635070928248524e+02 1.465605676844900813e+02 1.560576816436794445e+02 1.563361762357004920e+02 1.517992094841076494e+02 1.469081345603435125e+02 1.576134512026178527e+02 1.575944161447352769e+02 1.324688642662871132e+02 1.315142577821887642e+02 1.459657494071811357e+02 1.460376663741241714e+02 1.522465106332489881e+02 1.444333756442741219e+02 1.466049112410631210e+02 1.501898798188479702e+02 1.497631463344704059e+02 1.512878051926195440e+02 1.511621645783097279e+02
1.374336203408758479e+02 1.353661700721417276e+02 1.386758811041054855e+02 1.382750881395488420e+02 1.415591749057615800e+02 1.494389507457811419e+02 1.210123960592467540e+02 1.477599404439511943e+02 1.405026690137949004e+02 1.395922633959346513e+02 1.382497739600322006e+02 1.476956329753862462e+02 1.408687332235226677e+02 1.179618582423996855e+02 1.289922478290846755e+02 0.000000000000000000e+00 1.283393937962931091e+02 1.479391766909631087e+02 1.242537725785418559e+02 1.240564387688120007e+02 1.288099375048369382e+02 1.467003749143130165e+02 1.241410488114225643e+02 1.248759384349122712e+02 1.423306010666715338e+02 1.432445461439980932e+02 1.544376897004096065e+02 1.540519392932137066e+02 1.491911525526899425e+02 1.443779761598007667e+02 1.541071056116491889e+02 1.539577864221228651e+02 1.232030843769749140e+02 1.242215762257104785e+02 1.420387271134179059e+02 1.422392350935563741e+02 1.496529318122434802e+02 1.386650640933036129e+02 1.422462653288303329e+02 1.480540441865739751e+02 1.474381226142004380e+02 1.497097191233755495e+02 1.486505970388279252e+02
1.444472221955133477e+02 1.444056785587048921e+02 1.465810356082941723e+02 1.462224332994086069e+02 1.462121745956881682e+02 1.520756390747709474e+02 1.332779051456016930e+02 1.518222645068897521e+02 1.470578117612253948e+02 1.472514855612669180e+02 1.460000000000000000e+02 1.509867543859394345e+02 1.480641752754527829e+02 1.261348484757483703e+02 1.293599628942432958e+02 1.283393937962931091e+02 0.000000000000000000e+00 1.509735076097790056e+02 1.356392273643579927e+02 1.354141794643382184e+02 1.381122731693313312e+02 1.492246628409660616e+02 1.340895223348938714e+02 1.339290857132982921e+02 1.468230227178285645e+02 1.475466028073842040e+02 1.566460979405487706e+02 1.565854399361575418e+02 1.520624871557742210e+02 1.480067566025281280e+02 1.576261399641569483e+02 1.573086138773080620e+02 1.353513945255090505e+02 1.313544822227243287e+02 1.479864858694874101e+02 1.469047310334149756e+02 1.524893438899912042e+02 1.472311108427834938e+02 1.472446943016963132e+02 1.511191582824626494e+02 1.500633199686052421e+02 1.513010244512574332e+02 1.508442905780659657e+02
1.463693957082558939e+02 1.457326318982814541e+02 1.474889826393822432e+02 1.469625802713057965e+02 1.485496549979164342e+02 1.198749348279280582e+02 1.475059320841029660e+02 1.201873537440607720e+02 1.465639792036228926e+02 1.459177850709090194e+02 1.471971467114767051e+02 1.226295233620354566e+02 1.478242199370590413e+02 1.511125408429095387e+02 1.504759116935331917e+02 1.479391766909631087e+02 1.509735076097790056e+02 0.000000000000000000e+00 1.498365776437782984e+02 1.503662196106558895e+02 1.509701957341249567e+02 1.172817121293852836e+02 1.491073438835257434e+02 1.485193590075044767e+02 1.478986139218349933e+02 1.486573240711670962e+02 1.324650897406558272e+02 1.311487704860400072e+02 1.214495780149111965e+02 1.494289128649472502e+02 1.321627784211575829e+02 1.333379165878933463e+02 1.505357100491441429e+02 1.476177496102687599e+02 1.473736747183838247e+02 1.483576759052257330e+02 1.184060809249254760e+02 1.462326912834472807e+02 1.477497884939264452e+02 1.190210065492642286e+02 1.173626857225072229e+02 1.224867339755616200e+02 1.214454610102823011e+02
1.398177385026664012e+02 1.388200273735745895e+02 1.415909601634228636e+02 1.409716283512395307e+02 1.445683229480096088e+02 1.515486720496091948e+02 1.235354200219515945e+02 1.501465950329876762e+02 1.424570110594771677e+02 1.415309153506752295e+02 1.410177293818050259e+02 1.497765001594041792e+02 1.437741284098081280e+02 1.329736816065494907e+02 1.330263131865271191e+02 1.242537725785418559e+02 1.356392273643579927e+02 1.498365776437782984e+02 0.000000000000000000e+00 9.982484660644362862e+01 1.065410718924866131e+02 1.487682761881712565e+02 1.260952021291849121e+02 1.269921257401418586e+02 1.446616742610149799e+02 1.460547842420781421e+02 1.561793840428371141e+02 1.557401682290089298e+02 1.514694688707925820e+02 1.477497884939264452e+02 1.562817967646904265e+02 1.565439235486321934e+02 1.259285511708921348e+02 1.261824076486100381e+02 1.436941195734884502e+02 1.448274835796023865e+02 1.513770127859577030e+02 1.414743793059365089e+02 1.445302736453508601e+02 1.507282322592552646e+02 1.497831766254141144e+02 1.519736819321029770e+02 1.508973160795115120e+02
1.412373888175507091e+02 1.393915348936225769e+02 1.427270121595768444e+02 1.412515486640766085e+02 1.446962335377116915e+02 1.512679741386126864e+02 1.229390092688240230e+02 1.504160895649132215e+02 1.441422908101574478e+02 1.431083505599865475e+02 1.411913595090011029e+02 1.503662196106558895e+02 1.446582178792480420e+02 1.339589489358587002e+02 1.329924809904680387e+02 1.240564387688120007e+02 1.354141794643382184e+02 1.503662196106558895e+02 9.982484660644362862e+01 0.000000000000000000e+00 1.069579356569675070e+02 1.488858623241306987e+02 1.262735126619989074e+02 1.268227108999015229e+02 1.455884610812271660e+02 1.465776244861404507e+02 1.563809451307926963e+02 1.563521665983557796e+02 1.519144496089822383e+02 1.481721971221321894e+02 1.565982119949011349e+02 1.566875872556597926e+02 1.265977882903172969e+02 1.267872233310596641e+02 1.448136733875637958e+02 1.456639969244288011e+02 1.516245362729924295e+02 1.425692814038143297e+02 1.459451951932642544e+02 1.505323885414697145e+02 1.499799986664888536e+02 1.522136656151477041e+02 1.508476052179815099e+02
1.432131278898690994e+02 1.425482374496436933e+02 1.449862062404558571e+02 1.439652735905433474e+02 1.466049112410631210e+02 1.518815327813095166e+02 1.278905782299853371e+02 1.512249979335427099e+02 1.452342934709292308e+02 1.454853944559384331e+02 1.436279917007823315e+02 1.510629008062535377e+02 1.466424222385868745e+02 1.360257328596321145e+02 1.359521974813206100e+02 1.288099375048369382e+02 1.381122731693313312e+02 1.509701957341249567e+02 1.065410718924866131e+02 1.069579356569675070e+02 0.000000000000000000e+00 1.497163985674248181e+02 1.296803763103731910e+02 1.302689525558565435e+02 1.463215636876533665e+02 1.479425564197131280e+02 1.563297796326726825e+02 1.567801007781280873e+02 1.524335920983298251e+02 1.489597261007148745e+02 1.573181489847881380e+02 1.570445796581340119e+02 1.314115672229808069e+02 1.296957979273037154e+02 1.462087548678258884e+02 1.467991825590319763e+02 1.521380951635717054e+02 1.448033148791836311e+02 1.465059725744995092e+02 1.512547519914663781e+02 1.506187239356382292e+02 1.524106295505664548e+02 1.518584867565853358e+02
1.452962490912962323e+02 1.451516448408353313e+02 1.461506072515608707e+02 1.459897256658837534e+02 1.472888318916271260e+02 1.215524578114321770e+02 1.460719001040241096e+02 1.209297316626477965e+02 1.456639969244288011e+02 1.452205219657332123e+02 1.460410901082294686e+02 1.178770545950313391e+02 1.465844466510686743e+02 1.505191017778142282e+02 1.487279395406256413e+02 1.467003749143130165e+02 1.492246628409660616e+02 1.172817121293852836e+02 1.487682761881712565e+02 1.488858623241306987e+02 1.497163985674248181e+02 0.000000000000000000e+00 1.473770674155243228e+02 1.478140724017845287e+02 1.471699697628561694e+02 1.471597771131772276e+02 1.332216198670471101e+02 1.314648241926333583e+02 1.223478647136924877e+02 1.482497892072700267e+02 1.323253566025801433e+02 1.332366315995717514e+02 1.491174034108695139e+02 1.467105994807464526e+02 1.463625635195011228e+02 1.471835588644329391e+02 1.196620240510747806e+02 1.452342934709292308e+02 1.466799236432852922e+02 1.189495691459199804e+02 1.191259837315100611e+02 1.219590095072930609e+02 1.223764683262268420e+02
1.395098562826297268e+02 1.376408369634535518e+02 1.403139337343230579e+02 1.391222484004625244e+02 1.430594282107963693e+02 1.504493270174380086e+02 1.208263216356436089e+02 1.488757871515714157e+02 1.418802311810916024e+02 1.412055239712667856e+02 1.401855912710004475e+02 1.493351934407961323e+02 1.430489426734780238e+02 1.309121843068856492e+02 1.322800060477773059e+02 1.241410488114225643e+02 1.340895223348938714e+02 1.491073438835257434e+02 1.260952021291849121e+02 1.262735126619989074e+02 1.296803763103731910e+02 1.473770674155243228e+02 0.000000000000000000e+00 1.223642104538741364e+02 1.432096365472659159e+02 1.443952907819365237e+02 1.555506348428060903e+02 1.548386256720202141e+02 1.506485977365869928e+02 1.462395295397246571e+02 1.554348738218035919e+02 1.557369577203818380e+02 1.232314894821936377e+02 1.235880253098980432e+02 1.430384563675097809e+02 1.434329111466402651e+02 1.501565849371914965e+02 1.414814475470193997e+02 1.431886867039432047e+02 1.486371420607918026e+02 1.487649152186092465e+02 1.504460036026214880e+02 1.498866238194723053e+02
1.392767030052047232e+02 1.379855064852827127e+02 1.412834031300209006e+02 1.407693148381422077e+02 1.438436651368422190e+02 1.503728698934751264e+02 1.221065108829172914e+02 1.491475779220031370e+02 1.413329402510256898e+02 1.419436507914320202e+02 1.403317497931241462e+02 1.488892205634780055e+02 1.430174814489473647e+02 1.313735133122350476e+02 1.332628980624389783e+02 1.248759384349122712e+02 1.339290857132982921e+02 1.485193590075044767e+02 1.269921257401418586e+02 1.268227108999015229e+02 1.302689525558565435e+02 1.478140724017845287e+02 1.223642104538741364e+02 0.000000000000000000e+00 1.440486029088793316e+02 1.450068963877235717e+02 1.553801789161024374e+02 1.549386975548716805e+02 1.505656003209232381e+02 1.456331006330634921e+02 1.556887921463841167e+02 1.555024115568629952e+02 1.243663941746322337e+02 1.229349421442089465e+02 1.442671133696103425e+02 1.443468046061290408e+02 1.500999666888703814e+02 1.403068066773668647e+02 1.437776060448914279e+02 1.491978552124660951e+02 1.483307115873176087e+02 1.503695447888301544e+02 1.496696361991970718e+02
1.374627222195166496e+02 1.363964808930201116e+02 1.384810456344116290e+02 1.365942897781602028e+02 1.399392725434857994e+02 1.492045575711412368e+02 1.411807352297047657e+02 1.482396708037359474e+02 1.376989469821755847e+02 1.374554473274886277e+02 1.377279927973975759e+02 1.481688226314834367e+02 1.388452375848736153e+02 1.457223387130470087e+02 1.457635070928248524e+02 1.423306010666715338e+02 1.468230227178285645e+02 1.478986139218349933e+02 1.446616742610149799e+02 1.455884610812271660e+02 1.463215636876533665e+02 1.471699697628561694e+02 1.432096365472659159e+02 1.440486029088793316e+02 0.000000000000000000e+00 1.389640241213530771e+02 1.544700618242900703e+02 1.540779023740912805e+02 1.491978552124660951e+02 1.407870732702402563e+02 1.552320843124899739e+02 1.554316570071875674e+02 1.442324512722431678e+02 1.427550349374760117e+02 1.388560405599986893e+02 1.400714103591450339e+02 1.496863387220089692e+02 1.360441104936189447e+02 1.399071120422403567e+02 1.487481092316806439e+02 1.478986139218349933e+02 1.493552811252417598e+02 1.484823221801167676e+02
1.382280724020992864e+02 1.372770920437929476e+02 1.395206077968412615e+02 1.398248904880672399e+02 1.414708450529648758e+02 1.497698233957695493e+02 1.433840995368733218e+02 1.491509302686376088e+02 1.381520901036245732e+02 1.382714721119291426e+02 1.394560862780825232e+02 1.488186816229736564e+02 1.398963902322000479e+02 1.482969992953330234e+02 1.465605676844900813e+02 1.432445461439980932e+02 1.475466028073842040e+02 1.486573240711670962e+02 1.460547842420781421e+02 1.465776244861404507e+02 1.479425564197131280e+02 1.471597771131772276e+02 1.443952907819365237e+02 1.450068963877235717e+02 1.389640241213530771e+02 0.000000000000000000e+00 1.546932448428178759e+02 1.550645027077441682e+02 1.495359488551164304e+02 1.426253834350674197e+02 1.553447778330510971e+02 1.558781575462065803e+02 1.454235194182839166e+02 1.439166425400481728e+02 1.407408966860734552e+02 1.409787217987168333e+02 1.502764119880428950e+02 1.372188033762137138e+02 1.398034334342329430e+02 1.485631178994302104e+02 1.487783586413023897e+02 1.493720187987027259e+02 1.495192295325253440e+02
1.526990504227187273e+02 1.530980078250530312e+02 1.543955957921079971e+02 1.539447953001334781e+02 1.545380212116099301e+02 1.356576573585140579e+02 1.542562802611290635e+02 1.231178297404563580e+02 1.535773420788366082e+02 1.536001302082781308e+02 1.535838533179839089e+02 1.354289481610190933e+02 1.542886904474854930e+02 1.572005089050286699e+02 1.560576816436794445e+02 1.544376897004096065e+02 1.566460979405487706e+02 1.324650897406558272e+02 1.561793840428371141e+02 1.563809451307926963e+02 1.563297796326726825e+02 1.332216198670471101e+02 1.555506348428060903e+02 1.553801789161024374e+02 1.544700618242900703e+02 1.546932448428178759e+02 0.000000000000000000e+00 9.927235264664578551e+01 1.353403118069409459e+02 1.549257886860673636e+02 1.183891886955899366e+02 1.195240561560726178e+02 1.572450317180164632e+02 1.540908822740657911e+02 1.539740237832342871e+02 1.549419246040270366e+02 1.344432965974875174e+02 1.531502530197060992e+02 1.541719818903551698e+02 1.334428716717382315e+02 1.330375886732768436e+02 1.352479205015737023e+02 1.345511055324332972e+02
1.525254077195009472e+02 1.524991803256660035e+02 1.540486936004327276e+02 1.539155612665593935e+02 1.542303472083234226e+02 1.336413109783049151e+02 1.536554587380480825e+02 1.209917352549338432e+02 1.529934639126783225e+02 1.529182788289222117e+02 1.526466507985026055e+02 1.339029499301639703e+02 1.539415473483360870e+02 1.573753474976306563e+02 1.563361762357004920e+02 1.540519392932137066e+02 1.565854399361575418e+02 1.311487704860400072e+02 1.557401682290089298e+02 1.563521665983557796e+02 1.567801007781280873e+02 1.314648241926333583e+02 1.548386256720202141e+02 1.549386975548716805e+02 1.540779023740912805e+02 1.550645027077441682e+02 9.927235264664578551e+01 0.000000000000000000e+00 1.335964071373178683e+02 1.551869839902818740e+02 1.155551816233266038e+02 1.165118019773104407e+02 1.561697794069006306e+02 1.541979247590576279e+02 1.538798232387859173e+02 1.544279767399676757e+02 1.323480260525256256e+02 1.528136119591445379e+02 1.543891187875622393e+02 1.324160111164809166e+02 1.310648694349481218e+02 1.344358583116870705e+02 1.333004126025122389e+02
1.477294825009551005e+02 1.476550033016152099e+02 1.489865765765493393e+02 1.483846353232031845e+02 1.499033021650957380e+02 1.169444312483497441e+02 1.490503270710936761e+02 1.233896267925306631e+02 1.478478948108494251e+02 1.477227132163500301e+02 1.491207564358496711e+02 1.182624200665621430e+02 1.491710427663492737e+02 1.530000000000000000e+02 1.517992094841076494e+02 1.491911525526899425e+02 1.520624871557742210e+02 1.214495780149111965e+02 1.514694688707925820e+02 1.519144496089822383e+02 1.524335920983298251e+02 1.223478647136924877e+02 1.506485977365869928e+02 1.505656003209232381e+02 1.491978552124660951e+02 1.495359488551164304e+02 1.353403118069409459e+02 1.335964071373178683e+02 0.000000000000000000e+00 1.509933773382130937e+02 1.356207948656842177e+02 1.366711381382331183e+02 1.524827859136892982e+02 1.494021418855834327e+02 1.492146105446782371e+02 1.500000000000000000e+02 1.220737482016506306e+02 1.486472334084963620e+02 1.491375204299709480e+02 1.201332593414496586e+02 1.195407880181488451e+02 1.205445975562571590e+02 1.199124680756759318e+02
1.396173341673590187e+02 1.392372076709382895e+02 1.412798640995948745e+02 1.407373440135914962e+02 1.420492872210205917e+02 1.501366044640680002e+02 1.436767204525493185e+02 1.499799986664888536e+02 1.392551614842336960e+02 1.395671881209906644e+02 1.408332347139694036e+02 1.489194413097228846e+02 1.403887459877037429e+02 1.484654842042419034e+02 1.469081345603435125e+02 1.443779761598007667e+02 1.480067566025281280e+02 1.494289128649472502e+02 1.477497884939264452e+02 1.481721971221321894e+02 1.489597261007148745e+02 1.482497892072700267e+02 1.462395295397246571e+02 1.456331006330634921e+02 1.407870732702402563e+02 1.426253834350674197e+02 1.549257886860673636e+02 1.551869839902818740e+02 1.509933773382130937e+02 0.000000000000000000e+00 1.566716311270167239e+02 1.564480744528356411e+02 1.474313399518568986e+02 1.456296673071802275e+02 1.412727857727736591e+02 1.419048977308394512e+02 1.506817839023682382e+02 1.382714721119291426e+02 1.407586587034701608e+02 1.496362255605239397e+02 1.495693818934878152e+02 1.504925247312968679e+02 1.496996993984957953e+02
1.530326762492246360e+02 1.535219853962291552e+02 1.540649213805660622e+02 1.542497974066740767e+02 1.554091374404993076e+02 1.352811886405497148e+02 1.539188097667078523e+02 1.236042070481421717e+02 1.533036203095021506e+02 1.532807880981827395e+02 1.537725593205757946e+02 1.353033628554737788e+02 1.544182631685773117e+02 1.585307541141465606e+02 1.576134512026178527e+02 1.541071056116491889e+02 1.576261399641569483e+02 1.321627784211575829e+02 1.562817967646904265e+02 1.565982119949011349e+02 1.573181489847881380e+02 1.323253566025801433e+02 1.554348738218035919e+02 1.556887921463841167e+02 1.552320843124899739e+02 1.553447778330510971e+02 1.183891886955899366e+02 1.155551816233266038e+02 1.356207948656842177e+02 1.566716311270167239e+02 0.000000000000000000e+00 8.269220035771209609e+01 1.567992346920098896e+02 1.545250788707127754e+02 1.546867803013560660e+02 1.556116962185040791e+02 1.337123778862675181e+02 1.536196602001189149e+02 1.547287949930458240e+02 1.336899397860586873e+02 1.332103599574747932e+02 1.356171080653174954e+02 1.351961537914448286e+02
1.533655763201116713e+02 1.535024429773024792e+02 1.541557653803450876e+02 1.547094050146919813e+02 1.548031007441388454e+02 1.356207948656842177e+02 1.543340532740587321e+02 1.247156766409099049e+02 1.539870124393612514e+02 1.537302832886220756e+02 1.540389561117576420e+02 1.362020557847788211e+02 1.551676512679108555e+02 1.577656489860831641e+02 1.575944161447352769e+02 1.539577864221228651e+02 1.573086138773080620e+02 1.333379165878933463e+02 1.565439235486321934e+02 1.566875872556597926e+02 1.570445796581340119e+02 1.332366315995717514e+02 1.557369577203818380e+02 1.555024115568629952e+02 1.554316570071875674e+02 1.558781575462065803e+02 1.195240561560726178e+02 1.165118019773104407e+02 1.366711381382331183e+02 1.564480744528356411e+02 8.269220035771209609e+01 0.000000000000000000e+00 1.571750616351079941e+02 1.546415209444087111e+02 1.546544535407888077e+02 1.554509568963793811e+02 1.345102226598409914e+02 1.539512909981595499e+02 1.553351215919954029e+02 1.344135409845302718e+02 1.338768090447333634e+02 1.363084736911098958e+02 1.359558751948587201e+02
1.393377192292166171e+02 1.377933234957340005e+02 1.407408966860734552e+02 1.404385986828407624e+02 1.437636949998155842e+02 1.522924817579646515e+02 1.213301281627939261e+02 1.504327092091344298e+02 1.420844819112910784e+02 1.412975583653164051e+02 1.397139935725838313e+02 1.505622794726487825e+02 1.438436651368422190e+02 1.323933533074829256e+02 1.324688642662871132e+02 1.232030843769749140e+02 1.353513945255090505e+02 1.505357100491441429e+02 1.259285511708921348e+02 1.265977882903172969e+02 1.314115672229808069e+02 1.491174034108695139e+02 1.232314894821936377e+02 1.243663941746322337e+02 1.442324512722431678e+02 1.454235194182839166e+02 1.572450317180164632e+02 1.561697794069006306e+02 1.524827859136892982e+02 1.474313399518568986e+02 1.567992346920098896e+02 1.571750616351079941e+02 0.000000000000000000e+00 1.232801687214938937e+02 1.440555448429528553e+02 1.447238750172202799e+02 1.520164464786622887e+02 1.404457190518813832e+02 1.446063622390107639e+02 1.503828447662830854e+02 1.502231673211558984e+02 1.520526224699856925e+02 1.516179408909117114e+02
1.376553667678815884e+02 1.373499180924400775e+02 1.397640869465400328e+02 1.405240192991931281e+02 1.416545092822674690e+02 1.491140503104922175e+02 1.216593605112241221e+02 1.484856895461646786e+02 1.413010969525714700e+02 1.398320421076657283e+02 1.399428454762872036e+02 1.475161008161481959e+02 1.423832855359083283e+02 1.301998463900783634e+02 1.315142577821887642e+02 1.242215762257104785e+02 1.313544822227243287e+02 1.476177496102687599e+02 1.261824076486100381e+02 1.267872233310596641e+02 1.296957979273037154e+02 1.467105994807464526e+02 1.235880253098980432e+02 1.229349421442089465e+02 1.427550349374760117e+02 1.439166425400481728e+02 1.540908822740657911e+02 1.541979247590576279e+02 1.494021418855834327e+02 1.456296673071802275e+02 1.545250788707127754e+02 1.546415209444087111e+02 1.232801687214938937e+02 0.000000000000000000e+00 1.438054240979803922e+02 1.430139853301067774e+02 1.492816130673834891e+02 1.402533422061663373e+02 1.423762620663992493e+02 1.484284339336637970e+02 1.475228795814398381e+02 1.497798384296097538e+02 1.488489166907169761e+02
1.364587849865299063e+02 1.350814569065643411e+02 1.367406303919943298e+02 1.362534403235382570e+02 1.400285685137143616e+02 1.490536816049841775e+02 1.410425467722417352e+02 1.477565565381110275e+02 1.346179779969971264e+02 1.353772506738115169e+02 1.363304808177540224e+02 1.477396358463090280e+02 1.361286156544611288e+02 1.460684770920817073e+02 1.459657494071811357e+02 1.420387271134179059e+02 1.479864858694874101e+02 1.473736747183838247e+02 1.436941195734884502e+02 1.448136733875637958e+02 1.462087548678258884e+02 1.463625635195011228e+02 1.430384563675097809e+02 1.442671133696103425e+02 1.388560405599986893e+02 1.407408966860734552e+02 1.539740237832342871e+02 1.538798232387859173e+02 1.492146105446782371e+02 1.412727857727736591e+02 1.546867803013560660e+02 1.546544535407888077e+02 1.440555448429528553e+02 1.438054240979803922e+02 0.000000000000000000e+00 1.371750706214507431e+02 1.485294583575931711e+02 1.364294689574066979e+02 1.392874725163752885e+02 1.476719336908676041e+02 1.475364361776439353e+02 1.490503270710936761e+02 1.480607983228511557e+02
1.371057985644662551e+02 1.358970198348735039e+02 1.373863166403408513e+02 1.369379421489895208e+02 1.401392164955976796e+02 1.497130588826505857e+02 1.416333294108417249e+02 1.485698488927009748e+02 1.353772506738115169e+02 1.354843164355195881e+02 1.380905500025255037e+02 1.488690699910495141e+02 1.376008720902596565e+02 1.466458318534829743e+02 1.460376663741241714e+02 1.422392350935563741e+02 1.469047310334149756e+02 1.483576759052257330e+02 1.448274835796023865e+02 1.456639969244288011e+02 1.467991825590319763e+02 1.471835588644329391e+02 1.434329111466402651e+02 1.443468046061290408e+02 1.400714103591450339e+02 1.409787217987168333e+02 1.549419246040270366e+02 1.544279767399676757e+02 1.500000000000000000e+02 1.419048977308394512e+02 1.556116962185040791e+02 1.554509568963793811e+02 1.447238750172202799e+02 1.430139853301067774e+02 1.371750706214507431e+02 0.000000000000000000e+00 1.496195174434137698e+02 1.358602222874671952e+02 1.392120684423588273e+02 1.489899325457931809e+02 1.482497892072700267e+02 1.499166435056494890e+02 1.491609868564833619e+02
1.474788120375262679e+02 1.475466028073842040e+02 1.489798644112686929e+02 1.489630826748694687e+02 1.500499916694433011e+02 1.207973509643319971e+02 1.487817193071783208e+02 1.228291496347670773e+02 1.472854371619950768e+02 1.476753195357978541e+02 1.488522757635905407e+02 1.224744871391589101e+02 1.485462890818885455e+02 1.525221295419127046e+02 1.522465106332489881e+02 1.496529318122434802e+02 1.524893438899912042e+02 1.184060809249254760e+02 1.513770127859577030e+02 1.516245362729924295e+02 1.521380951635717054e+02 1.196620240510747806e+02 1.501565849371914965e+02 1.500999666888703814e+02 1.496863387220089692e+02 1.502764119880428950e+02 1.344432965974875174e+02 1.323480260525256256e+02 1.220737482016506306e+02 1.506817839023682382e+02 1.337123778862675181e+02 1.345102226598409914e+02 1.520164464786622887e+02 1.492816130673834891e+02 1.485294583575931711e+02 1.496195174434137698e+02 0.000000000000000000e+00 1.480878117874661655e+02 1.495192295325253440e+02 1.188107739222331674e+02 1.189033220730186287e+02 1.232274320108960097e+02 1.224050652546699212e+02
