0.000000000000000000e+00 1.111485492482920421e+02 1.248318869520123826e+02 1.214001647445340097e+02 1.197539143410352125e+02 1.403281867623179835e+02 1.254910355364079351e+02 1.235354200219515945e+02 1.246835995630540026e+02 1.225887433657756418e+02 1.197455635921431565e+02 1.130486620885006346e+02 1.277888884058391028e+02 1.308319532835920143e+02 1.161292383510716064e+02 1.308357749241391446e+02 1.194905854032023740e+02 1.223478647136924877e+02 1.210908749658701566e+02 1.371568445247994248e+02 1.323631368621943807e+02 1.356613430568929743e+02 1.368210510118965715e+02 1.266609647839459711e+02 1.244106104799747357e+02 1.319696934905889805e+02 1.357608190900452598e+02 1.432480366357598598e+02 1.425412221078520076e+02 1.439652735905433474e+02 1.180084742719776045e+02 1.350518418978430759e+02 1.299192056625963119e+02 1.336001497005149190e+02 1.364624490473478318e+02 1.526269963014407267e+02 1.315636727976229849e+02 1.426639407839275862e+02 1.213836891843381096e+02
1.111485492482920421e+02 0.000000000000000000e+00 1.367954677611798786e+02 1.343726162579266088e+02 1.329172675012543152e+02 1.463488981851247104e+02 1.369671493461114551e+02 1.359227721906818545e+02 1.362864630108214499e+02 1.353513945255090505e+02 1.280663890331885568e+02 1.215236602477065020e+02 1.396280774056564837e+02 1.414885154349991865e+02 1.310496089273066218e+02 1.395134402127623048e+02 1.336038921588738617e+02 1.339290857132982921e+02 1.330375886732768436e+02 1.454441473556086351e+02 1.415697707845852165e+02 1.435060974314332043e+02 1.450586088448390001e+02 1.383365461474298854e+02 1.365869686317109881e+02 1.421337398368170568e+02 1.445371924454048553e+02 1.484452761121080471e+02 1.477362514753911000e+02 1.491777463296721180e+02 1.323026832683298153e+02 1.426288890793165933e+02 1.406236111042523191e+02 1.429370490810552496e+02 1.450379260745271495e+02 1.548644568647047493e+02 1.409787217987168333e+02 1.480641752754527829e+02 1.339253523422656542e+02
1.248318869520123826e+02 1.367954677611798786e+02 0.000000000000000000e+00 1.124144118874444018e+02 1.105983725015879315e+02 1.414461028095153949e+02 1.270944530654268902e+02 1.250759769100365588e+02 1.251598977308626530e+02 1.206938275140862373e+02 1.421829806974097608e+02 1.378731300870477696e+02 1.296495275733776111e+02 1.319166403453332350e+02 1.320643782403112709e+02 1.415591749057615800e+02 1.338394560658403236e+02 1.235880253098980432e+02 1.225805857385254996e+02 1.376045057401827876e+02 1.329323136035779669e+02 1.404599587070991618e+02 1.416439197424301710e+02 1.341268056728408169e+02 1.261388124250422749e+02 1.327064429483361607e+02 1.362644487751665849e+02 1.465639792036228926e+02 1.464001366119581178e+02 1.474008141090136519e+02 1.201457448268560171e+02 1.355876100534263458e+02 1.357718674836580419e+02 1.383473888441700979e+02 1.350000000000000000e+02 1.496662954709576638e+02 1.320757358487924478e+02 1.418379356871778612e+02 1.230731489805960877e+02
1.214001647445340097e+02 1.343726162579266088e+02 1.124144118874444018e+02 0.000000000000000000e+00 1.046565812550744425e+02 1.390683285295397411e+02 1.234746937635400599e+02 1.217497433262181517e+02 1.223192544123777736e+02 1.169615321377075645e+02 1.404670779933860558e+02 1.360441104936189447e+02 1.260158720161869184e+02 1.291626881107698352e+02 1.287400481590713071e+02 1.398713694792469084e+02 1.317345816405092762e+02 1.209669376317347371e+02 1.201374213140934728e+02 1.353292281807592303e+02 1.304683869755428418e+02 1.386217876093076597e+02 1.396352391053204087e+02 1.317990895264455276e+02 1.223601242235394295e+02 1.307134270073277378e+02 1.330150367439711658e+02 1.454647723677454394e+02 1.439791651594076995e+02 1.458903697986950760e+02 1.169102219654038635e+02 1.328344834747363450e+02 1.334353776177817110e+02 1.367296602789606936e+02 1.329661611087572908e+02 1.493686714140552283e+02 1.293174388858672046e+02 1.402604719798133317e+02 1.200000000000000000e+02
1.197539143410352125e+02 1.329172675012543152e+02 1.105983725015879315e+02 1.046565812550744425e+02 0.000000000000000000e+00 1.383943640470955074e+02 1.214619281915119302e+02 1.203744158864332832e+02 1.195867885679684974e+02 1.146690891216983488e+02 1.398356177803065918e+02 1.347924330220357660e+02 1.247918266554344484e+02 1.278358322224250259e+02 1.268108828137396102e+02 1.381484708565389781e+02 1.299499903809153807e+02 1.190882026063035397e+02 1.170213655705657914e+02 1.342721117730707192e+02 1.293329037793554050e+02 1.374663595211570168e+02 1.384160395329963080e+02 1.294990347454373989e+02 1.203868763611715309e+02 1.285729364990937711e+02 1.321816931348664355e+02 1.443641229668922961e+02 1.421935300919138285e+02 1.447929556297543172e+02 1.139166361862919530e+02 1.315142577821887642e+02 1.311411453358555832e+02 1.351739619897264220e+02 1.305947931580734860e+02 1.488825040090339087e+02 1.271219886565656338e+02 1.393987087458129963e+02 1.175031914460198834e+02
1.403281867623179835e+02 1.463488981851247104e+02 1.414461028095153949e+02 1.390683285295397411e+02 1.383943640470955074e+02 0.000000000000000000e+00 1.159913789899921852e+02 1.142059543106225306e+02 1.322800060477773059e+02 1.390683285295397411e+02 1.510728301184564373e+02 1.480945643837072225e+02 1.233288287465667992e+02 1.266925412169161547e+02 1.446029045351441198e+02 1.495192295325253440e+02 1.464923206178399084e+02 1.382353066332910601e+02 1.365393716112682228e+02 1.344990706287593696e+02 1.313544822227243287e+02 1.503595690337000121e+02 1.517695621658045013e+02 1.465708020036732933e+02 1.158015543937126921e+02 1.289185789558665647e+02 1.309389170567711744e+02 1.536164053739053088e+02 1.525581856210934291e+02 1.542660040319966299e+02 1.107339153105316711e+02 1.256702033100925604e+02 1.482801402750887689e+02 1.497497913187193603e+02 1.455953295954234932e+02 1.537367880502256412e+02 1.218154341616857721e+02 1.305947931580734860e+02 1.137980667674104183e+02
1.254910355364079351e+02 1.369671493461114551e+02 1.270944530654268902e+02 1.234746937635400599e+02 1.214619281915119302e+02 1.159913789899921852e+02 0.000000000000000000e+00 8.456358554366057945e+01 1.148303095876694044e+02 1.217620630574235889e+02 1.427059914649696850e+02 1.389172415505001368e+02 1.016267681273000107e+02 1.064095860343418565e+02 1.315978723232256584e+02 1.412090648648308218e+02 1.345511055324332972e+02 1.239233634146523571e+02 1.218646790501661314e+02 1.212105605960140764e+02 1.147867588182539436e+02 1.411949007577823352e+02 1.427725463805979871e+02 1.344804818551748156e+02 9.013323471394998876e+01 1.111575458527220235e+02 1.153039461597043527e+02 1.469353599376269983e+02 1.464718402970345608e+02 1.476753195357978541e+02 7.904429138147801837e+01 1.063531851897252807e+02 1.364148085803003880e+02 1.399821417181491654e+02 1.360000000000000000e+02 1.514562643141576928e+02 1.004041831797858890e+02 1.199958332609928533e+02 8.616263691415205983e+01
1.235354200219515945e+02 1.359227721906818545e+02 1.250759769100365588e+02 1.217497433262181517e+02 1.203744158864332832e+02 1.142059543106225306e+02 8.456358554366057945e+01 0.000000000000000000e+00 1.130442391278741781e+02 1.200208315251981617e+02 1.419788716675829789e+02 1.376263056250512022e+02 9.892926766129424720e+01 1.037786105129568597e+02 1.296495275733776111e+02 1.400535611828560434e+02 1.325179233160556294e+02 1.219754073573849524e+02 1.202829996300391571e+02 1.195867885679684974e+02 1.139517441726979428e+02 1.400107138757602456e+02 1.415026501518611042e+02 1.329210291865060753e+02 8.666602563865497189e+01 1.085771615027764483e+02 1.137189518066359994e+02 1.468570733740802723e+02 1.453994497926316001e+02 1.470544116985274172e+02 7.526619427073485724e+01 1.045848937466592190e+02 1.348851363197591127e+02 1.385712812959453117e+02 1.347182244538577720e+02 1.506054447886928074e+02 9.938812806366765074e+01 1.183722940556615271e+02 8.238325072488946432e+01
1.246835995630540026e+02 1.362864630108214499e+02 1.251598977308626530e+02 1.223192544123777736e+02 1.195867885679684974e+02 1.322800060477773059e+02 1.148303095876694044e+02 1.130442391278741781e+02 0.000000000000000000e+00 1.201831935005889278e+02 1.430978686074673760e+02 1.381955136753722684e+02 1.171921499077476625e+02 1.206109447769977407e+02 1.308357749241391446e+02 1.409609875107293533e+02 1.335365118609887816e+02 1.206855418018247974e+02 1.194696614207975358e+02 1.254910355364079351e+02 1.209380006449585778e+02 1.413364779524380310e+02 1.419366055674151994e+02 1.339664137013453171e+02 1.132254388377452869e+02 1.201415831425572662e+02 1.232030843769749140e+02 1.472752525036029283e+02 1.466424222385868745e+02 1.478783283649095210e+02 1.060848716830067104e+02 1.250319959050482339e+02 1.366930868771350731e+02 1.391150602918318100e+02 1.337535046269816519e+02 1.502497920131671947e+02 1.209504030584437544e+02 1.347033778344106736e+02 1.097269337947616208e+02
1.225887433657756418e+02 1.353513945255090505e+02 1.206938275140862373e+02 1.169615321377075645e+02 1.146690891216983488e+02 1.390683285295397411e+02 1.217620630574235889e+02 1.200208315251981617e+02 1.201831935005889278e+02 0.000000000000000000e+00 1.420880009008501759e+02 1.375717994357855218e+02 1.246835995630540026e+02 1.279882807135090843e+02 1.294217910554478408e+02 1.410531814600436462e+02 1.324462154989714975e+02 1.207518115806135626e+02 1.195282393411699218e+02 1.338431918328309962e+02 1.279687461843711276e+02 1.400642709615839294e+02 1.416545092822674690e+02 1.329924809904680387e+02 1.205985074534506793e+02 1.287012043455693515e+02 1.323291351139272081e+02 1.479526951427380936e+02 1.464035518694816460e+02 1.475330471453768837e+02 1.135693620656557243e+02 1.326762978078601520e+02 1.356502856613284109e+02 1.386109663771232761e+02 1.167818479045437954e+02 1.397318861248212158e+02 1.277066952042844150e+02 1.405240192991931281e+02 1.172859752911659967e+02
1.197455635921431565e+02 1.280663890331885568e+02 1.421829806974097608e+02 1.404670779933860558e+02 1.398356177803065918e+02 1.510728301184564373e+02 1.427059914649696850e+02 1.419788716675829789e+02 1.430978686074673760e+02 1.420880009008501759e+02 0.000000000000000000e+00 1.278240978845538365e+02 1.456948866638771278e+02 1.460684770920817073e+02 1.378586232340944377e+02 1.448620032996920770e+02 1.392012930974421749e+02 1.402426468660656838e+02 1.395421083400992757e+02 1.483543056335069821e+02 1.464001366119581178e+02 1.480506670028879057e+02 1.482666516786563307e+02 1.442913718834220447e+02 1.427690442638039201e+02 1.454819576442384914e+02 1.473295625460145004e+02 1.507879305514867667e+02 1.520164464786622887e+02 1.522990479287378776e+02 1.392300254973760900e+02 1.474720312466062069e+02 1.453753761818004762e+02 1.473159869124868635e+02 1.483677862610344391e+02 1.568119893375503295e+02 1.452996902956093663e+02 1.511621645783097279e+02 1.412409289122667815e+02
1.130486620885006346e+02 1.215236602477065020e+02 1.378731300870477696e+02 1.360441104936189447e+02 1.347924330220357660e+02 1.480945643837072225e+02 1.389172415505001368e+02 1.376263056250512022e+02 1.381955136753722684e+02 1.375717994357855218e+02 1.278240978845538365e+02 0.000000000000000000e+00 1.413081738612455638e+02 1.426639407839275862e+02 1.323404700006766745e+02 1.403353127334670489e+02 1.339104178172856052e+02 1.349629578810423141e+02 1.354141794643382184e+02 1.457943757488607730e+02 1.432759575085785286e+02 1.456777265061478204e+02 1.461779737169728435e+02 1.397819730866609405e+02 1.380144919926889315e+02 1.423657262124560532e+02 1.451103028733659528e+02 1.498599346056176671e+02 1.492581656057718078e+02 1.501266132302997107e+02 1.342832826527561565e+02 1.446063622390107639e+02 1.417638882085279022e+02 1.446201922277798531e+02 1.460890139606671312e+02 1.554059200931547480e+02 1.423692382504029581e+02 1.495292613504126109e+02 1.358455004775645989e+02
1.277888884058391028e+02 1.396280774056564837e+02 1.296495275733776111e+02 1.260158720161869184e+02 1.247918266554344484e+02 1.233288287465667992e+02 1.016267681273000107e+02 9.892926766129424720e+01 1.171921499077476625e+02 1.246835995630540026e+02 1.456948866638771278e+02 1.413081738612455638e+02 0.000000000000000000e+00 8.650433515148243657e+01 1.338954816265283796e+02 1.433666627915987988e+02 1.368502831564480289e+02 1.262814317308764060e+02 1.234220401711136788e+02 1.226539848516957107e+02 1.158015543937126921e+02 1.427795503564848616e+02 1.438262841069044669e+02 1.362093976199880387e+02 1.001498876684342605e+02 1.118928058455949213e+02 1.168631678502683684e+02 1.489765082152216280e+02 1.478918523786892081e+02 1.493452376207557677e+02 9.171695590238481088e+01 1.151650988798255639e+02 1.376844217767572900e+02 1.410567261778040802e+02 1.382823199111151666e+02 1.534698667491439608e+02 1.104762417898074602e+02 1.259880946756478295e+02 9.563472172804185334e+01
1.308319532835920143e+02 1.414885154349991865e+02 1.319166403453332350e+02 1.291626881107698352e+02 1.278358322224250259e+02 1.266925412169161547e+02 1.064095860343418565e+02 1.037786105129568597e+02 1.206109447769977407e+02 1.279882807135090843e+02 1.460684770920817073e+02 1.426639407839275862e+02 8.650433515148243657e+01 0.000000000000000000e+00 1.360624856453827931e+02 1.460239706349611595e+02 1.388056194827860566e+02 1.292516924453989589e+02 1.266254318847521176e+02 1.247517534946904050e+02 1.188654701753204677e+02 1.432236014070306851e+02 1.447791421441638420e+02 1.380869291424789367e+02 1.045035884551339223e+02 1.158490397025370271e+02 1.207476707849886424e+02 1.494489879524113860e+02 1.483138563991915078e+02 1.491878011098762613e+02 9.734988443752770593e+01 1.180423652762007265e+02 1.394130553427475832e+02 1.422743827960606495e+02 1.398177385026664012e+02 1.530882098660768804e+02 1.136485811614029728e+02 1.283277055043064365e+02 1.013755394560245975e+02
1.161292383510716064e+02 1.310496089273066218e+02 1.320643782403112709e+02 1.287400481590713071e+02 1.268108828137396102e+02 1.446029045351441198e+02 1.315978723232256584e+02 1.296495275733776111e+02 1.308357749241391446e+02 1.294217910554478408e+02 1.378586232340944377e+02 1.323404700006766745e+02 1.338954816265283796e+02 1.360624856453827931e+02 0.000000000000000000e+00 1.078517501017021090e+02 8.878062851771213104e+01 1.290542521577650348e+02 1.277066952042844150e+02 1.427305153076944464e+02 1.378042089342702070e+02 1.404279174523356630e+02 1.427655420611010015e+02 1.342050669684270758e+02 1.304913790255892820e+02 1.375936045025349301e+02 1.399464183178690746e+02 1.487010423635288419e+02 1.473499236511509025e+02 1.490771612286737877e+02 1.243060738660826701e+02 1.393090090410523203e+02 1.366345490716019526e+02 1.393879478290716634e+02 1.411311446846513888e+02 1.559198512056755419e+02 1.363121417922849616e+02 1.468025885330364417e+02 1.271219886565656338e+02
1.308357749241391446e+02 1.395134402127623048e+02 1.415591749057615800e+02 1.398713694792469084e+02 1.381484708565389781e+02 1.495192295325253440e+02 1.412090648648308218e+02 1.400535611828560434e+02 1.409609875107293533e+02 1.410531814600436462e+02 1.448620032996920770e+02 1.403353127334670489e+02 1.433666627915987988e+02 1.460239706349611595e+02 1.078517501017021090e+02 0.000000000000000000e+00 1.091879114188013062e+02 1.388704432195706602e+02 1.380398493189557314e+02 1.489899325457931809e+02 1.451826435907543384e+02 1.482969992953330234e+02 1.488220413782850926e+02 1.436627996385981589e+02 1.408332347139694036e+02 1.454647723677454394e+02 1.469795904198946914e+02 1.527612516314264894e+02 1.511555490215294810e+02 1.525778489820852144e+02 1.370109484676316072e+02 1.464001366119581178e+02 1.457703673590760900e+02 1.473940297298367454e+02 1.478986139218349933e+02 1.574071154681388691e+02 1.436558387257545348e+02 1.508940025315784510e+02 1.386434275398585214e+02
1.194905854032023740e+02 1.336038921588738617e+02 1.338394560658403236e+02 1.317345816405092762e+02 1.299499903809153807e+02 1.464923206178399084e+02 1.345511055324332972e+02 1.325179233160556294e+02 1.335365118609887816e+02 1.324462154989714975e+02 1.392012930974421749e+02 1.339104178172856052e+02 1.368502831564480289e+02 1.388056194827860566e+02 8.878062851771213104e+01 1.091879114188013062e+02 0.000000000000000000e+00 1.320568059586479706e+02 1.303802132227125981e+02 1.440416606402467039e+02 1.402925514772612701e+02 1.427585373979433712e+02 1.447618734335805755e+02 1.364367985552285063e+02 1.334765897077086834e+02 1.396782015920881008e+02 1.422357198456140281e+02 1.499599946652439826e+02 1.483576759052257330e+02 1.496195174434137698e+02 1.276166133385461734e+02 1.419542179718517616e+02 1.385171469530036177e+02 1.411134295522577133e+02 1.438332367709216157e+02 1.564512703687637156e+02 1.388488386699723094e+02 1.481654480639801648e+02 1.301691207621838373e+02
1.223478647136924877e+02 1.339290857132982921e+02 1.235880253098980432e+02 1.209669376317347371e+02 1.190882026063035397e+02 1.382353066332910601e+02 1.239233634146523571e+02 1.219754073573849524e+02 1.206855418018247974e+02 1.207518115806135626e+02 1.402426468660656838e+02 1.349629578810423141e+02 1.262814317308764060e+02 1.292516924453989589e+02 1.290542521577650348e+02 1.388704432195706602e+02 1.320568059586479706e+02 0.000000000000000000e+00 1.102361102361653593e+02 1.329323136035779669e+02 1.290697485857937181e+02 1.395743529449447351e+02 1.402533422061663373e+02 1.327252801842964516e+02 1.228942634950875146e+02 1.290310040261641973e+02 1.316282644419503072e+02 1.453856939316932824e+02 1.441006592628916394e+02 1.454063272350966258e+02 1.175627492022877050e+02 1.321362932732714341e+02 1.349666625504239050e+02 1.378840092251454621e+02 1.341454434559743163e+02 1.489093684091098453e+02 1.280390565413538297e+02 1.390107909480411479e+02 1.202871564216230098e+02
1.210908749658701566e+02 1.330375886732768436e+02 1.225805857385254996e+02 1.201374213140934728e+02 1.170213655705657914e+02 1.365393716112682228e+02 1.218646790501661314e+02 1.202829996300391571e+02 1.194696614207975358e+02 1.195282393411699218e+02 1.395421083400992757e+02 1.354141794643382184e+02 1.234220401711136788e+02 1.266254318847521176e+02 1.277066952042844150e+02 1.380398493189557314e+02 1.303802132227125981e+02 1.102361102361653593e+02 0.000000000000000000e+00 1.324273385672308905e+02 1.275343091093530035e+02 1.377207319178924365e+02 1.393233648746684423e+02 1.314838393111488131e+02 1.201540677630183325e+02 1.274794101021808217e+02 1.302228858534474227e+02 1.448481963988506038e+02 1.439062194625374786e+02 1.453100134195850899e+02 1.145643923738959984e+02 1.310801281659428241e+02 1.336861997365472234e+02 1.369087287209986528e+02 1.338992158304147893e+02 1.482228052628879311e+02 1.263091445620624853e+02 1.380796871375366379e+02 1.176647780773838861e+02
1.371568445247994248e+02 1.454441473556086351e+02 1.376045057401827876e+02 1.353292281807592303e+02 1.342721117730707192e+02 1.344990706287593696e+02 1.212105605960140764e+02 1.195867885679684974e+02 1.254910355364079351e+02 1.338431918328309962e+02 1.483543056335069821e+02 1.457943757488607730e+02 1.226539848516957107e+02 1.247517534946904050e+02 1.427305153076944464e+02 1.489899325457931809e+02 1.440416606402467039e+02 1.329323136035779669e+02 1.324273385672308905e+02 0.000000000000000000e+00 1.243302055013181473e+02 1.485395570210171456e+02 1.496328840863531582e+02 1.436001392756984671e+02 1.201415831425572662e+02 1.237739875741264086e+02 1.274637203285703606e+02 1.514859729479927921e+02 1.512679741386126864e+02 1.522169504358828078e+02 1.148651383144598839e+02 1.281912633528509957e+02 1.451516448408353313e+02 1.472514855612669180e+02 1.430314650697530965e+02 1.540162329106902916e+02 1.255746789762968092e+02 1.356207948656842177e+02 1.177709641634982916e+02
1.323631368621943807e+02 1.415697707845852165e+02 1.329323136035779669e+02 1.304683869755428418e+02 1.293329037793554050e+02 1.313544822227243287e+02 1.147867588182539436e+02 1.139517441726979428e+02 1.209380006449585778e+02 1.279687461843711276e+02 1.464001366119581178e+02 1.432759575085785286e+02 1.158015543937126921e+02 1.188654701753204677e+02 1.378042089342702070e+02 1.451826435907543384e+02 1.402925514772612701e+02 1.290697485857937181e+02 1.275343091093530035e+02 1.243302055013181473e+02 0.000000000000000000e+00 1.446029045351441198e+02 1.461984952042940904e+02 1.401820245252578729e+02 1.140175425099137954e+02 1.191133913546247811e+02 1.216675799052483882e+02 1.506718288201215046e+02 1.494790955284383642e+02 1.504061168968868856e+02 1.078795624759388829e+02 1.246234327885410096e+02 1.418485107429753782e+02 1.444541449734136336e+02 1.395206077968412615e+02 1.518123842115655577e+02 1.202455820394246331e+02 1.325330147548149569e+02 1.111215550647128083e+02
1.356613430568929743e+02 1.435060974314332043e+02 1.404599587070991618e+02 1.386217876093076597e+02 1.374663595211570168e+02 1.503595690337000121e+02 1.411949007577823352e+02 1.400107138757602456e+02 1.413364779524380310e+02 1.400642709615839294e+02 1.480506670028879057e+02 1.456777265061478204e+02 1.427795503564848616e+02 1.432236014070306851e+02 1.404279174523356630e+02 1.482969992953330234e+02 1.427585373979433712e+02 1.395743529449447351e+02 1.377207319178924365e+02 1.485395570210171456e+02 1.446029045351441198e+02 0.000000000000000000e+00 1.284756786321831328e+02 1.219467096727090905e+02 1.398713694792469084e+02 1.445614056378811085e+02 1.467208233346582631e+02 1.423376267892646752e+02 1.398785187224972049e+02 1.419718281913704061e+02 1.366674796723785335e+02 1.468094002439898134e+02 1.312669036733936139e+02 1.338394560658403236e+02 1.482362978490760952e+02 1.576927392114170914e+02 1.441561653208075597e+02 1.510529708413575065e+02 1.382533905551686644e+02
1.368210510118965715e+02 1.450586088448390001e+02 1.416439197424301710e+02 1.396352391053204087e+02 1.384160395329963080e+02 1.517695621658045013e+02 1.427725463805979871e+02 1.415026501518611042e+02 1.419366055674151994e+02 1.416545092822674690e+02 1.482666516786563307e+02 1.461779737169728435e+02 1.438262841069044669e+02 1.447791421441638420e+02 1.427655420611010015e+02 1.488220413782850926e+02 1.447618734335805755e+02 1.402533422061663373e+02 1.393233648746684423e+02 1.496328840863531582e+02 1.461984952042940904e+02 1.284756786321831328e+02 0.000000000000000000e+00 1.260277747165282562e+02 1.417674151559518236e+02 1.466287829861518048e+02 1.486640507991087929e+02 1.436802004452944743e+02 1.419084211736569330e+02 1.427305153076944464e+02 1.383690716887267342e+02 1.479695914706802284e+02 1.323820229487372728e+02 1.349407277288810292e+02 1.486943173090350570e+02 1.591948491629047737e+02 1.458663772087316772e+02 1.517003625572463932e+02 1.406129439276484163e+02
1.266609647839459711e+02 1.383365461474298854e+02 1.341268056728408169e+02 1.317990895264455276e+02 1.294990347454373989e+02 1.465708020036732933e+02 1.344804818551748156e+02 1.329210291865060753e+02 1.339664137013453171e+02 1.329924809904680387e+02 1.442913718834220447e+02 1.397819730866609405e+02 1.362093976199880387e+02 1.380869291424789367e+02 1.342050669684270758e+02 1.436627996385981589e+02 1.364367985552285063e+02 1.327252801842964516e+02 1.314838393111488131e+02 1.436001392756984671e+02 1.401820245252578729e+02 1.219467096727090905e+02 1.260277747165282562e+02 0.000000000000000000e+00 1.330300717882990682e+02 1.392012930974421749e+02 1.423587018766327503e+02 1.368685500763415064e+02 1.357092480268017596e+02 1.368100873473882473e+02 1.282380598730345866e+02 1.421267040355189408e+02 1.220163923413571467e+02 1.264041138571051448e+02 1.438019471356351175e+02 1.563393744390708378e+02 1.386073591119894388e+02 1.477091737164621748e+02 1.309160036053652334e+02
1.244106104799747357e+02 1.365869686317109881e+02 1.261388124250422749e+02 1.223601242235394295e+02 1.203868763611715309e+02 1.158015543937126921e+02 9.013323471394998876e+01 8.666602563865497189e+01 1.132254388377452869e+02 1.205985074534506793e+02 1.427690442638039201e+02 1.380144919926889315e+02 1.001498876684342605e+02 1.045035884551339223e+02 1.304913790255892820e+02 1.408332347139694036e+02 1.334765897077086834e+02 1.228942634950875146e+02 1.201540677630183325e+02 1.201415831425572662e+02 1.140175425099137954e+02 1.398713694792469084e+02 1.417674151559518236e+02 1.330300717882990682e+02 0.000000000000000000e+00 1.099636303511301918e+02 1.133446072823934543e+02 1.463762275781146229e+02 1.450034482348609401e+02 1.466287829861518048e+02 7.552483035399681910e+01 1.062873463776380163e+02 1.350148140020197900e+02 1.385460212348229163e+02 1.345585374474618732e+02 1.495961229444132243e+02 9.841239759298622403e+01 1.171281349633810294e+02 8.142481194328912864e+01
1.319696934905889805e+02 1.421337398368170568e+02 1.327064429483361607e+02 1.307134270073277378e+02 1.285729364990937711e+02 1.289185789558665647e+02 1.111575458527220235e+02 1.085771615027764483e+02 1.201415831425572662e+02 1.287012043455693515e+02 1.454819576442384914e+02 1.423657262124560532e+02 1.118928058455949213e+02 1.158490397025370271e+02 1.375936045025349301e+02 1.454647723677454394e+02 1.396782015920881008e+02 1.290310040261641973e+02 1.274794101021808217e+02 1.237739875741264086e+02 1.191133913546247811e+02 1.445614056378811085e+02 1.466287829861518048e+02 1.392012930974421749e+02 1.099636303511301918e+02 0.000000000000000000e+00 1.167518736466357581e+02 1.500866416440850344e+02 1.495259174858994129e+02 1.502863932629963699e+02 1.024695076595959904e+02 1.216757987440394828e+02 1.412196870128240960e+02 1.438019471356351175e+02 1.392767030052047232e+02 1.520822146077574644e+02 1.165890217816411791e+02 1.304568894309533960e+02 1.065363787633125838e+02
1.357608190900452598e+02 1.445371924454048553e+02 1.362644487751665849e+02 1.330150367439711658e+02 1.321816931348664355e+02 1.309389170567711744e+02 1.153039461597043527e+02 1.137189518066359994e+02 1.232030843769749140e+02 1.323291351139272081e+02 1.473295625460145004e+02 1.451103028733659528e+02 1.168631678502683684e+02 1.207476707849886424e+02 1.399464183178690746e+02 1.469795904198946914e+02 1.422357198456140281e+02 1.316282644419503072e+02 1.302228858534474227e+02 1.274637203285703606e+02 1.216675799052483882e+02 1.467208233346582631e+02 1.486640507991087929e+02 1.423587018766327503e+02 1.133446072823934543e+02 1.167518736466357581e+02 0.000000000000000000e+00 1.507945622361761480e+02 1.500366621862803242e+02 1.512845001974756087e+02 1.082450922675019029e+02 1.247717916838577707e+02 1.440763686383023696e+02 1.466901496352089680e+02 1.416933308240017482e+02 1.531078051570200103e+02 1.206399602121950352e+02 1.322195144447293842e+02 1.121115515903691318e+02
1.432480366357598598e+02 1.484452761121080471e+02 1.465639792036228926e+02 1.454647723677454394e+02 1.443641229668922961e+02 1.536164053739053088e+02 1.469353599376269983e+02 1.468570733740802723e+02 1.472752525036029283e+02 1.479526951427380936e+02 1.507879305514867667e+02 1.498599346056176671e+02 1.489765082152216280e+02 1.494489879524113860e+02 1.487010423635288419e+02 1.527612516314264894e+02 1.499599946652439826e+02 1.453856939316932824e+02 1.448481963988506038e+02 1.514859729479927921e+02 1.506718288201215046e+02 1.423376267892646752e+02 1.436802004452944743e+02 1.368685500763415064e+02 1.463762275781146229e+02 1.500866416440850344e+02 1.507945622361761480e+02 0.000000000000000000e+00 1.422532952166662596e+02 1.422111106770494189e+02 1.442359178568223399e+02 1.507945622361761480e+02 1.353698637068088431e+02 1.386326079968201554e+02 1.533362318566619820e+02 1.591571550386598233e+02 1.490201328680121549e+02 1.531894252225002617e+02 1.457669372663087870e+02
1.425412221078520076e+02 1.477362514753911000e+02 1.464001366119581178e+02 1.439791651594076995e+02 1.421935300919138285e+02 1.525581856210934291e+02 1.464718402970345608e+02 1.453994497926316001e+02 1.466424222385868745e+02 1.464035518694816460e+02 1.520164464786622887e+02 1.492581656057718078e+02 1.478918523786892081e+02 1.483138563991915078e+02 1.473499236511509025e+02 1.511555490215294810e+02 1.483576759052257330e+02 1.441006592628916394e+02 1.439062194625374786e+02 1.512679741386126864e+02 1.494790955284383642e+02 1.398785187224972049e+02 1.419084211736569330e+02 1.357092480268017596e+02 1.450034482348609401e+02 1.495259174858994129e+02 1.500366621862803242e+02 1.422532952166662596e+02 0.000000000000000000e+00 1.411311446846513888e+02 1.427725463805979871e+02 1.500699836742844582e+02 1.334203882470741291e+02 1.369707998078422690e+02 1.516377261765686058e+02 1.578385250818063241e+02 1.479155164274525873e+02 1.526859522025520164e+02 1.442844412956573876e+02
1.439652735905433474e+02 1.491777463296721180e+02 1.474008141090136519e+02 1.458903697986950760e+02 1.447929556297543172e+02 1.542660040319966299e+02 1.476753195357978541e+02 1.470544116985274172e+02 1.478783283649095210e+02 1.475330471453768837e+02 1.522990479287378776e+02 1.501266132302997107e+02 1.493452376207557677e+02 1.491878011098762613e+02 1.490771612286737877e+02 1.525778489820852144e+02 1.496195174434137698e+02 1.454063272350966258e+02 1.453100134195850899e+02 1.522169504358828078e+02 1.504061168968868856e+02 1.419718281913704061e+02 1.427305153076944464e+02 1.368100873473882473e+02 1.466287829861518048e+02 1.502863932629963699e+02 1.512845001974756087e+02 1.422111106770494189e+02 1.411311446846513888e+02 0.000000000000000000e+00 1.439513806811174561e+02 1.505822034637559739e+02 1.348814294111683978e+02 1.372770920437929476e+02 1.531404584033886067e+02 1.596652748721524517e+02 1.492816130673834891e+02 1.531959529491559522e+02 1.456983184528908737e+02
1.180084742719776045e+02 1.323026832683298153e+02 1.201457448268560171e+02 1.169102219654038635e+02 1.139166361862919530e+02 1.107339153105316711e+02 7.904429138147801837e+01 7.526619427073485724e+01 1.060848716830067104e+02 1.135693620656557243e+02 1.392300254973760900e+02 1.342832826527561565e+02 9.171695590238481088e+01 9.734988443752770593e+01 1.243060738660826701e+02 1.370109484676316072e+02 1.276166133385461734e+02 1.175627492022877050e+02 1.145643923738959984e+02 1.148651383144598839e+02 1.078795624759388829e+02 1.366674796723785335e+02 1.383690716887267342e+02 1.282380598730345866e+02 7.552483035399681910e+01 1.024695076595959904e+02 1.082450922675019029e+02 1.442359178568223399e+02 1.427725463805979871e+02 1.439513806811174561e+02 0.000000000000000000e+00 9.999499987499375209e+01 1.304952106400844229e+02 1.347033778344106736e+02 1.310648694349481218e+02 1.492012064294387699e+02 9.000555538409837197e+01 1.130796179689337322e+02 7.015696686716152897e+01
1.350518418978430759e+02 1.426288890793165933e+02 1.355876100534263458e+02 1.328344834747363450e+02 1.315142577821887642e+02 1.256702033100925604e+02 1.063531851897252807e+02 1.045848937466592190e+02 1.250319959050482339e+02 1.326762978078601520e+02 1.474720312466062069e+02 1.446063622390107639e+02 1.151650988798255639e+02 1.180423652762007265e+02 1.393090090410523203e+02 1.464001366119581178e+02 1.419542179718517616e+02 1.321362932732714341e+02 1.310801281659428241e+02 1.281912633528509957e+02 1.246234327885410096e+02 1.468094002439898134e+02 1.479695914706802284e+02 1.421267040355189408e+02 1.062873463776380163e+02 1.216757987440394828e+02 1.247717916838577707e+02 1.507945622361761480e+02 1.500699836742844582e+02 1.505822034637559739e+02 9.999499987499375209e+01 0.000000000000000000e+00 1.434782213438680856e+02 1.456159331941391599e+02 1.419823932746592448e+02 1.529051993883792022e+02 1.134283915075939007e+02 1.273184982632138968e+02 1.047043456595761342e+02
1.299192056625963119e+02 1.406236111042523191e+02 1.357718674836580419e+02 1.334353776177817110e+02 1.311411453358555832e+02 1.482801402750887689e+02 1.364148085803003880e+02 1.348851363197591127e+02 1.366930868771350731e+02 1.356502856613284109e+02 1.453753761818004762e+02 1.417638882085279022e+02 1.376844217767572900e+02 1.394130553427475832e+02 1.366345490716019526e+02 1.457703673590760900e+02 1.385171469530036177e+02 1.349666625504239050e+02 1.336861997365472234e+02 1.451516448408353313e+02 1.418485107429753782e+02 1.312669036733936139e+02 1.323820229487372728e+02 1.220163923413571467e+02 1.350148140020197900e+02 1.412196870128240960e+02 1.440763686383023696e+02 1.353698637068088431e+02 1.334203882470741291e+02 1.348814294111683978e+02 1.304952106400844229e+02 1.434782213438680856e+02 0.000000000000000000e+00 1.215976973466191851e+02 1.458800877433243102e+02 1.576705425880180087e+02 1.397640869465400328e+02 1.489496559244095693e+02 1.332028528223025603e+02
1.336001497005149190e+02 1.429370490810552496e+02 1.383473888441700979e+02 1.367296602789606936e+02 1.351739619897264220e+02 1.497497913187193603e+02 1.399821417181491654e+02 1.385712812959453117e+02 1.391150602918318100e+02 1.386109663771232761e+02 1.473159869124868635e+02 1.446201922277798531e+02 1.410567261778040802e+02 1.422743827960606495e+02 1.393879478290716634e+02 1.473940297298367454e+02 1.411134295522577133e+02 1.378840092251454621e+02 1.369087287209986528e+02 1.472514855612669180e+02 1.444541449734136336e+02 1.338394560658403236e+02 1.349407277288810292e+02 1.264041138571051448e+02 1.385460212348229163e+02 1.438019471356351175e+02 1.466901496352089680e+02 1.386326079968201554e+02 1.369707998078422690e+02 1.372770920437929476e+02 1.347033778344106736e+02 1.456159331941391599e+02 1.215976973466191851e+02 0.000000000000000000e+00 1.467548977036200881e+02 1.575626859380100768e+02 1.431991620087212596e+02 1.499599946652439826e+02 1.366784547761643296e+02
1.364624490473478318e+02 1.450379260745271495e+02 1.350000000000000000e+02 1.329661611087572908e+02 1.305947931580734860e+02 1.455953295954234932e+02 1.360000000000000000e+02 1.347182244538577720e+02 1.337535046269816519e+02 1.167818479045437954e+02 1.483677862610344391e+02 1.460890139606671312e+02 1.382823199111151666e+02 1.398177385026664012e+02 1.411311446846513888e+02 1.478986139218349933e+02 1.438332367709216157e+02 1.341454434559743163e+02 1.338992158304147893e+02 1.430314650697530965e+02 1.395206077968412615e+02 1.482362978490760952e+02 1.486943173090350570e+02 1.438019471356351175e+02 1.345585374474618732e+02 1.392767030052047232e+02 1.416933308240017482e+02 1.533362318566619820e+02 1.516377261765686058e+02 1.531404584033886067e+02 1.310648694349481218e+02 1.419823932746592448e+02 1.458800877433243102e+02 1.467548977036200881e+02 0.000000000000000000e+00 1.302420822929363453e+02 1.383943640470955074e+02 1.448965147959052899e+02 1.330789239511651658e+02
1.526269963014407267e+02 1.548644568647047493e+02 1.496662954709576638e+02 1.493686714140552283e+02 1.488825040090339087e+02 1.537367880502256412e+02 1.514562643141576928e+02 1.506054447886928074e+02 1.502497920131671947e+02 1.397318861248212158e+02 1.568119893375503295e+02 1.554059200931547480e+02 1.534698667491439608e+02 1.530882098660768804e+02 1.559198512056755419e+02 1.574071154681388691e+02 1.564512703687637156e+02 1.489093684091098453e+02 1.482228052628879311e+02 1.540162329106902916e+02 1.518123842115655577e+02 1.576927392114170914e+02 1.591948491629047737e+02 1.563393744390708378e+02 1.495961229444132243e+02 1.520822146077574644e+02 1.531078051570200103e+02 1.591571550386598233e+02 1.578385250818063241e+02 1.596652748721524517e+02 1.492012064294387699e+02 1.529051993883792022e+02 1.576705425880180087e+02 1.575626859380100768e+02 1.302420822929363453e+02 0.000000000000000000e+00 1.517168415173477172e+02 1.530424777635281259e+02 1.498899596370617360e+02
1.315636727976229849e+02 1.409787217987168333e+02 1.320757358487924478e+02 1.293174388858672046e+02 1.271219886565656338e+02 1.218154341616857721e+02 1.004041831797858890e+02 9.938812806366765074e+01 1.209504030584437544e+02 1.277066952042844150e+02 1.452996902956093663e+02 1.423692382504029581e+02 1.104762417898074602e+02 1.136485811614029728e+02 1.363121417922849616e+02 1.436558387257545348e+02 1.388488386699723094e+02 1.280390565413538297e+02 1.263091445620624853e+02 1.255746789762968092e+02 1.202455820394246331e+02 1.441561653208075597e+02 1.458663772087316772e+02 1.386073591119894388e+02 9.841239759298622403e+01 1.165890217816411791e+02 1.206399602121950352e+02 1.490201328680121549e+02 1.479155164274525873e+02 1.492816130673834891e+02 9.000555538409837197e+01 1.134283915075939007e+02 1.397640869465400328e+02 1.431991620087212596e+02 1.383943640470955074e+02 1.517168415173477172e+02 0.000000000000000000e+00 1.212188104214853297e+02 9.528378665859160890e+01
1.426639407839275862e+02 1.480641752754527829e+02 1.418379356871778612e+02 1.402604719798133317e+02 1.393987087458129963e+02 1.305947931580734860e+02 1.199958332609928533e+02 1.183722940556615271e+02 1.347033778344106736e+02 1.405240192991931281e+02 1.511621645783097279e+02 1.495292613504126109e+02 1.259880946756478295e+02 1.283277055043064365e+02 1.468025885330364417e+02 1.508940025315784510e+02 1.481654480639801648e+02 1.390107909480411479e+02 1.380796871375366379e+02 1.356207948656842177e+02 1.325330147548149569e+02 1.510529708413575065e+02 1.517003625572463932e+02 1.477091737164621748e+02 1.171281349633810294e+02 1.304568894309533960e+02 1.322195144447293842e+02 1.531894252225002617e+02 1.526859522025520164e+02 1.531959529491559522e+02 1.130796179689337322e+02 1.273184982632138968e+02 1.489496559244095693e+02 1.499599946652439826e+02 1.448965147959052899e+02 1.530424777635281259e+02 1.212188104214853297e+02 0.000000000000000000e+00 1.156849169079530384e+02
1.213836891843381096e+02 1.339253523422656542e+02 1.230731489805960877e+02 1.200000000000000000e+02 1.175031914460198834e+02 1.137980667674104183e+02 8.616263691415205983e+01 8.238325072488946432e+01 1.097269337947616208e+02 1.172859752911659967e+02 1.412409289122667815e+02 1.358455004775645989e+02 9.563472172804185334e+01 1.013755394560245975e+02 1.271219886565656338e+02 1.386434275398585214e+02 1.301691207621838373e+02 1.202871564216230098e+02 1.176647780773838861e+02 1.177709641634982916e+02 1.111215550647128083e+02 1.382533905551686644e+02 1.406129439276484163e+02 1.309160036053652334e+02 8.142481194328912864e+01 1.065363787633125838e+02 1.121115515903691318e+02 1.457669372663087870e+02 1.442844412956573876e+02 1.456983184528908737e+02 7.015696686716152897e+01 1.047043456595761342e+02 1.332028528223025603e+02 1.366784547761643296e+02 1.330789239511651658e+02 1.498899596370617360e+02 9.528378665859160890e+01 1.156849169079530384e+02 0.000000000000000000e+00
