0.000000000000000000e+00 1.426604360010160519e+02 1.467991825590319763e+02 1.463147292653750640e+02 1.391294361377203188e+02 1.497163985674248181e+02 1.458355237930731221e+02 1.483981131955524688e+02 1.473974219584589491e+02 1.477193284577207919e+02 1.436105845681299229e+02 1.386109663771232761e+02 1.354215640140077426e+02 1.545509624686951042e+02 1.492749141684563199e+02 1.499433226255841021e+02 1.478276022940235634e+02 1.536782352839854866e+02 1.472480899706342541e+02 1.463523146383411415e+02 1.379093905432113729e+02 1.444472221955133477e+02 1.405311353401800432e+02 1.507912464302885098e+02 1.523778199082792923e+02 1.444576062379548205e+02 1.454750837772571970e+02 1.372953021774598028e+02 1.433771250932309727e+02 1.435618333680647822e+02 1.500033332962971144e+02 1.513505863880282334e+02 1.399892853042689183e+02 1.467685252361690686e+02 1.375827024011376238e+02 1.492581656057718078e+02 1.506751472539515930e+02 1.450689491242009410e+02 1.447031444026009979e+02 1.440243035046516127e+02 1.467242311276498015e+02 1.440937195022739274e+02 1.399106857963322170e+02 1.444091409849113461e+02 1.487144915601704156e+02
1.426604360010160519e+02 0.000000000000000000e+00 1.315142577821887642e+02 1.306981254647517972e+02 1.354880068493148997e+02 1.515222755900927041e+02 1.445129751960010083e+02 1.487144915601704156e+02 1.470442110387212722e+02 1.466390125444112584e+02 1.326951393231869645e+02 1.430559331170853739e+02 1.398963902322000479e+02 1.545768417325182611e+02 1.486842291569620329e+02 1.491073438835257434e+02 1.474415138283651743e+02 1.562785973830069963e+02 1.458835151756359210e+02 1.538278258313495144e+02 1.372916603439553285e+02 1.462497863246302359e+02 1.413046354512122775e+02 1.510430402236395651e+02 1.515552704461312885e+02 1.402069898400218904e+02 1.431118443735528274e+02 1.317118066082156531e+02 1.338992158304147893e+02 1.253076214761097447e+02 1.374299821727413189e+02 1.410709041581573047e+02 1.347924330220357660e+02 1.447446026627590641e+02 1.349629578810423141e+02 1.482902559172381984e+02 1.503961435675795428e+02 1.313278340642226567e+02 1.288991854124765268e+02 1.246555253488588875e+02 1.307593208914760226e+02 1.382714721119291426e+02 1.268818347912734055e+02 1.457943757488607730e+02 1.402069898400218904e+02
1.467991825590319763e+02 1.315142577821887642e+02 0.000000000000000000e+00 1.349221998041834354e+02 1.405311353401800432e+02 1.550322547084960547e+02 1.498532615594335198e+02 1.525909564816998056e+02 1.519605211888930114e+02 1.504426801143877412e+02 1.400714103591450339e+02 1.480236467595633769e+02 1.452136357233713682e+02 1.558460779102252616e+02 1.533199269501521655e+02 1.537628043448739845e+02 1.522399421965208148e+02 1.585717503214239059e+02 1.504194136406600819e+02 1.562337991601049225e+02 1.435165495683337440e+02 1.502031957050182029e+02 1.462976418128467344e+02 1.545639026422404925e+02 1.543016526159068746e+02 1.447964087952460375e+02 1.478884714911882554e+02 1.383762985485592480e+02 1.395886814895820862e+02 1.343279568816558651e+02 1.431188317448126668e+02 1.468843082156838022e+02 1.410779926140147609e+02 1.489194413097228846e+02 1.401962909637769314e+02 1.525581856210934291e+02 1.542627628431437188e+02 1.377715500384604184e+02 1.360036764208967952e+02 1.334728436799036615e+02 1.374627222195166496e+02 1.428250678277451300e+02 1.347998516319658222e+02 1.491777463296721180e+02 1.437219537857734508e+02
1.463147292653750640e+02 1.306981254647517972e+02 1.349221998041834354e+02 0.000000000000000000e+00 1.404029914211232324e+02 1.552256422115882231e+02 1.494389507457811419e+02 1.522366578718805101e+02 1.516575088810310206e+02 1.508078247306816593e+02 1.400928263688044808e+02 1.470544116985274172e+02 1.440243035046516127e+02 1.564480744528356411e+02 1.530457447954695738e+02 1.532807880981827395e+02 1.512646687101783129e+02 1.591194519849788946e+02 1.498799519615615452e+02 1.565023961477906482e+02 1.436001392756984671e+02 1.506884202584923287e+02 1.463113119345185851e+02 1.554027026792005302e+02 1.541006164815702562e+02 1.437289114966087880e+02 1.474075981759420699e+02 1.374554473274886277e+02 1.396244964180712884e+02 1.324613151074682662e+02 1.432724676970422024e+02 1.456468331272602654e+02 1.410354565348728215e+02 1.491945039202181817e+02 1.392874725163752885e+02 1.527743433957416812e+02 1.544117871148443157e+02 1.373280743329636948e+02 1.351332675546624955e+02 1.329699214108213141e+02 1.370620297529552829e+02 1.433352713047280531e+02 1.341827112559587647e+02 1.487548318542964125e+02 1.442220510185595685e+02
1.391294361377203188e+02 1.354880068493148997e+02 1.405311353401800432e+02 1.404029914211232324e+02 0.000000000000000000e+00 1.509966887054149822e+02 1.443641229668922961e+02 1.481789458728870841e+02 1.467276388414943540e+02 1.428215669988254888e+02 1.378586232340944377e+02 1.401998573465750724e+02 1.373462777071151777e+02 1.529803909002719138e+02 1.490369081804906557e+02 1.490234880815772556e+02 1.473702819431380533e+02 1.556920036482285070e+02 1.426919759481940844e+02 1.508575487007528011e+02 1.344544532546244682e+02 1.438540927467828396e+02 1.391114660982336204e+02 1.501232826712765416e+02 1.483239697419132597e+02 1.373062270984094937e+02 1.404350383629384567e+02 1.279335765153151669e+02 1.378042089342702070e+02 1.346514017751022152e+02 1.445544879967412157e+02 1.469557756605707652e+02 1.323555816730068955e+02 1.404065525536468613e+02 1.294372434811557753e+02 1.486304141150121438e+02 1.501732333007450393e+02 1.375499909123952023e+02 1.378912615070295260e+02 1.363231455036157911e+02 1.399535637274020985e+02 1.366308896260285621e+02 1.321741275741966035e+02 1.407515541654869367e+02 1.437045580348793123e+02
1.497163985674248181e+02 1.515222755900927041e+02 1.550322547084960547e+02 1.552256422115882231e+02 1.509966887054149822e+02 0.000000000000000000e+00 1.244226667452518456e+02 1.311907008899640061e+02 1.250719792759353481e+02 1.573276835143770995e+02 1.531567824159282907e+02 1.501266132302997107e+02 1.494389507457811419e+02 1.608757284365792657e+02 1.321968229572859173e+02 1.322195144447293842e+02 1.309121843068856492e+02 1.395707705789432111e+02 1.550322547084960547e+02 1.564033247728449112e+02 1.489765082152216280e+02 1.514727698300918917e+02 1.505323885414697145e+02 1.333004126025122389e+02 1.588206535687345706e+02 1.531306631605832251e+02 1.542724862054151345e+02 1.491810979983724224e+02 1.531665759883663327e+02 1.524631102922933223e+02 1.579810115172073495e+02 1.573340395464376229e+02 1.505589585511270627e+02 1.552803915502533698e+02 1.491308150584579835e+02 1.322384210432051361e+02 1.333491657266741299e+02 1.534209894375603369e+02 1.536294242650150750e+02 1.516113452219193221e+02 1.546964770122448556e+02 1.542854497352229259e+02 1.502597750564002297e+02 1.543081332918002602e+02 1.563489686566560124e+02
1.458355237930731221e+02 1.445129751960010083e+02 1.498532615594335198e+02 1.494389507457811419e+02 1.443641229668922961e+02 1.244226667452518456e+02 0.000000000000000000e+00 1.196996240595600227e+02 1.129778739399887968e+02 1.525417975507041035e+02 1.457257698555749528e+02 1.457772273024837091e+02 1.424394608245903271e+02 1.587135784991315859e+02 1.224295715911805331e+02 1.226499082755466219e+02 1.202206305090769405e+02 1.351480669488098840e+02 1.507315494513341889e+02 1.552642908076419133e+02 1.412126056696072851e+02 1.473668890897816368e+02 1.439618004888796747e+02 1.260079362579992477e+02 1.569362928069858469e+02 1.480810588833021484e+02 1.504027925272665982e+02 1.410957121956581659e+02 1.471223980228707262e+02 1.450655024463087273e+02 1.532285874110963562e+02 1.546382876263184585e+02 1.441769745833224192e+02 1.514826722764026101e+02 1.419753499731555451e+02 1.230772115381234926e+02 1.247677843034811644e+02 1.458800877433243102e+02 1.471020054248071744e+02 1.444126033281029038e+02 1.491710427663492737e+02 1.478546583642192900e+02 1.425306984477379046e+02 1.502264956657113828e+02 1.516311313681989361e+02
1.483981131955524688e+02 1.487144915601704156e+02 1.525909564816998056e+02 1.522366578718805101e+02 1.481789458728870841e+02 1.311907008899640061e+02 1.196996240595600227e+02 0.000000000000000000e+00 1.209958676980333934e+02 1.558749498797032516e+02 1.493050568467123185e+02 1.489328707841220591e+02 1.470884087887281453e+02 1.603433815285183641e+02 1.299038105676658006e+02 1.293019721427326090e+02 1.283471853996027505e+02 1.383582306912024649e+02 1.537400403278209069e+02 1.569872606296447088e+02 1.457566465036843510e+02 1.504360329176491007e+02 1.481046927008054013e+02 1.320681642183308213e+02 1.582371637764024115e+02 1.512944149663165945e+02 1.532742639845319843e+02 1.451550894732940549e+02 1.509205088780182962e+02 1.492112596287558972e+02 1.552578500430815609e+02 1.568980560746371964e+02 1.481384487565601660e+02 1.540681667314828474e+02 1.465708020036732933e+02 1.303380220810489334e+02 1.316548517905815743e+02 1.501965379095004209e+02 1.505822034637559739e+02 1.489194413097228846e+02 1.524335920983298251e+02 1.509470105699347755e+02 1.468774999787237618e+02 1.531208672911697022e+02 1.550548290121916750e+02
1.473974219584589491e+02 1.470442110387212722e+02 1.519605211888930114e+02 1.516575088810310206e+02 1.467276388414943540e+02 1.250719792759353481e+02 1.129778739399887968e+02 1.209958676980333934e+02 0.000000000000000000e+00 1.543470116328787185e+02 1.485530208376793553e+02 1.478817094843037125e+02 1.454063272350966258e+02 1.598374173965532918e+02 1.189411619247096468e+02 1.193021374494187370e+02 1.174606317027113533e+02 1.309770972345928897e+02 1.524991803256660035e+02 1.557209041843772468e+02 1.438575684487959165e+02 1.488657112971284562e+02 1.466458318534829743e+02 1.213589716502245182e+02 1.576927392114170914e+02 1.498932953804138606e+02 1.523318745371434204e+02 1.436175476743702006e+02 1.494422965562293655e+02 1.474855925166929751e+02 1.546447541948966204e+02 1.568151778368407747e+02 1.473261687549092471e+02 1.538473269186046082e+02 1.446754989623329379e+02 1.199166377113701429e+02 1.212146855789347057e+02 1.486034992858512851e+02 1.496495907111008421e+02 1.475161008161481959e+02 1.513538899401003164e+02 1.488254010577495592e+02 1.454544602272477505e+02 1.518222645068897521e+02 1.540649213805660622e+02
1.477193284577207919e+02 1.466390125444112584e+02 1.504426801143877412e+02 1.508078247306816593e+02 1.428215669988254888e+02 1.573276835143770995e+02 1.525417975507041035e+02 1.558749498797032516e+02 1.543470116328787185e+02 0.000000000000000000e+00 1.480641752754527829e+02 1.495593527667193428e+02 1.474923726841493306e+02 1.538473269186046082e+02 1.563393744390708378e+02 1.567482057313575865e+02 1.550806241927082283e+02 1.609347693943108197e+02 1.515354743946116400e+02 1.560961242311928743e+02 1.458355237930731221e+02 1.521578128128818719e+02 1.494121815649580753e+02 1.573054353797096212e+02 1.520263135118391347e+02 1.435095815616504353e+02 1.460000000000000000e+02 1.364954211686238352e+02 1.475194902377309631e+02 1.446063622390107639e+02 1.518947003683801995e+02 1.527874340382742275e+02 1.437776060448914279e+02 1.451826435907543384e+02 1.419436507914320202e+02 1.565854399361575418e+02 1.572831840979829678e+02 1.475127113166861932e+02 1.488556347606633210e+02 1.466492413891050433e+02 1.498365776437782984e+02 1.445337330867780565e+02 1.432061451195443738e+02 1.504094411930314834e+02 1.514694688707925820e+02
1.436105845681299229e+02 1.326951393231869645e+02 1.400714103591450339e+02 1.400928263688044808e+02 1.378586232340944377e+02 1.531567824159282907e+02 1.457257698555749528e+02 1.493050568467123185e+02 1.485530208376793553e+02 1.480641752754527829e+02 0.000000000000000000e+00 1.446063622390107639e+02 1.410425467722417352e+02 1.555827753962500708e+02 1.504160895649132215e+02 1.506751472539515930e+02 1.490402630164077493e+02 1.569362928069858469e+02 1.471529816211686637e+02 1.537497967478331304e+02 1.396531417476885792e+02 1.475703222196116258e+02 1.427550349374760117e+02 1.522563627570289668e+02 1.530457447954695738e+02 1.423165485809714141e+02 1.449103170930213764e+02 1.334016491652183447e+02 1.383654581172627900e+02 1.351591654309836201e+02 1.445925309274306869e+02 1.486034992858512851e+02 1.365759861761942489e+02 1.462566237816257058e+02 1.360110289645659520e+02 1.501332741266905089e+02 1.514364553203752166e+02 1.367735354518555937e+02 1.350222203935337575e+02 1.345771154394386713e+02 1.386073591119894388e+02 1.411488575936766097e+02 1.329624007003483541e+02 1.464650128870372896e+02 1.434573107234343752e+02
1.386109663771232761e+02 1.430559331170853739e+02 1.480236467595633769e+02 1.470544116985274172e+02 1.401998573465750724e+02 1.501266132302997107e+02 1.457772273024837091e+02 1.489328707841220591e+02 1.478817094843037125e+02 1.495593527667193428e+02 1.446063622390107639e+02 0.000000000000000000e+00 1.351147660324362789e+02 1.551096386431223664e+02 1.493050568467123185e+02 1.502464641846855500e+02 1.475127113166861932e+02 1.531012736720371095e+02 1.476177496102687599e+02 1.480810588833021484e+02 1.373317152008231403e+02 1.429545382280674630e+02 1.402569071382939114e+02 1.508741197157418412e+02 1.517102501481030572e+02 1.454269576110289108e+02 1.466151424648900274e+02 1.389640241213530771e+02 1.440555448429528553e+02 1.446201922277798531e+02 1.509039429571010373e+02 1.521578128128818719e+02 1.414496376806953890e+02 1.473499236511509025e+02 1.389532295414539931e+02 1.492682149688941706e+02 1.503529181625684430e+02 1.450034482348609401e+02 1.461369220970525191e+02 1.445890728928019655e+02 1.474550779051030247e+02 1.452859249893120364e+02 1.415415133450253791e+02 1.454544602272477505e+02 1.488254010577495592e+02
1.354215640140077426e+02 1.398963902322000479e+02 1.452136357233713682e+02 1.440243035046516127e+02 1.373462777071151777e+02 1.494389507457811419e+02 1.424394608245903271e+02 1.470884087887281453e+02 1.454063272350966258e+02 1.474923726841493306e+02 1.410425467722417352e+02 1.351147660324362789e+02 0.000000000000000000e+00 1.538473269186046082e+02 1.474449049645324408e+02 1.476346842716846197e+02 1.464240417417850040e+02 1.532775260760689662e+02 1.448343881818126704e+02 1.471529816211686637e+02 1.324537655183875984e+02 1.408545348932720742e+02 1.370182469600308366e+02 1.501299437154360703e+02 1.505323885414697145e+02 1.413966053340744224e+02 1.447065997112778462e+02 1.343912199513048620e+02 1.411240588985450017e+02 1.394022955334667415e+02 1.488287606613721721e+02 1.500533238552215494e+02 1.379492660364671792e+02 1.453753761818004762e+02 1.356097341638866283e+02 1.477260978974263708e+02 1.488220413782850926e+02 1.409326080082249746e+02 1.427094951290908398e+02 1.409680814936487536e+02 1.436975991448709067e+02 1.409538931707812139e+02 1.366528448295168232e+02 1.432515270424717073e+02 1.465639792036228926e+02
1.545509624686951042e+02 1.545768417325182611e+02 1.558460779102252616e+02 1.564480744528356411e+02 1.529803909002719138e+02 1.608757284365792657e+02 1.587135784991315859e+02 1.603433815285183641e+02 1.598374173965532918e+02 1.538473269186046082e+02 1.555827753962500708e+02 1.551096386431223664e+02 1.538473269186046082e+02 0.000000000000000000e+00 1.608632960000509229e+02 1.616694157841859578e+02 1.603464998058891240e+02 1.609378762131525207e+02 1.569012428249056370e+02 1.576927392114170914e+02 1.538148237329549488e+02 1.568151778368407747e+02 1.559262646253029345e+02 1.603620902832087722e+02 1.561569723067144935e+02 1.527612516314264894e+02 1.527776161615306876e+02 1.485058921389989735e+02 1.536131504787269080e+02 1.518683640525570411e+02 1.554059200931547480e+02 1.560801076370720466e+02 1.530065358081150748e+02 1.547740288291288095e+02 1.519309053484510628e+02 1.607544711664344277e+02 1.614961299845912777e+02 1.556309737809283149e+02 1.550645027077441682e+02 1.549354704385022217e+02 1.551386476671754338e+02 1.503229856010051435e+02 1.522465106332489881e+02 1.556277610196844137e+02 1.564416824251132994e+02
1.492749141684563199e+02 1.486842291569620329e+02 1.533199269501521655e+02 1.530457447954695738e+02 1.490369081804906557e+02 1.321968229572859173e+02 1.224295715911805331e+02 1.299038105676658006e+02 1.189411619247096468e+02 1.563393744390708378e+02 1.504160895649132215e+02 1.493050568467123185e+02 1.474449049645324408e+02 1.608632960000509229e+02 0.000000000000000000e+00 1.011434624679222622e+02 9.800000000000000000e+01 1.173200750084997139e+02 1.548321672004884135e+02 1.568757470101736260e+02 1.472752525036029283e+02 1.513604968279372542e+02 1.489496559244095693e+02 1.145818484752275168e+02 1.587198790322119635e+02 1.519572308249923367e+02 1.540649213805660622e+02 1.463181465164181247e+02 1.513274595042155681e+02 1.497097191233755495e+02 1.564416824251132994e+02 1.580126577208294520e+02 1.489697955962885771e+02 1.552546295606028082e+02 1.474516870028959659e+02 1.015726341097837206e+02 1.050428484000695732e+02 1.506253630701018551e+02 1.510231770292228930e+02 1.493385415758437205e+02 1.527186956466038055e+02 1.515255753990064989e+02 1.477091737164621748e+02 1.540876374015774104e+02 1.551805400171039366e+02
1.499433226255841021e+02 1.491073438835257434e+02 1.537628043448739845e+02 1.532807880981827395e+02 1.490234880815772556e+02 1.322195144447293842e+02 1.226499082755466219e+02 1.293019721427326090e+02 1.193021374494187370e+02 1.567482057313575865e+02 1.506751472539515930e+02 1.502464641846855500e+02 1.476346842716846197e+02 1.616694157841859578e+02 1.011434624679222622e+02 0.000000000000000000e+00 9.854947995803935612e+01 1.183384975398961245e+02 1.544700618242900703e+02 1.567482057313575865e+02 1.473227748856231756e+02 1.517234326002414093e+02 1.491509302686376088e+02 1.166747616239261873e+02 1.587702742959147315e+02 1.521216618368337379e+02 1.537270308046050786e+02 1.469047310334149756e+02 1.511290838985004825e+02 1.496495907111008421e+02 1.562241978696002036e+02 1.575817248287376628e+02 1.492849624041216146e+02 1.554927651050041675e+02 1.477971582947385230e+02 1.019950979214197275e+02 1.043839068055991106e+02 1.501865506628339801e+02 1.510165553838386359e+02 1.496128336741203384e+02 1.530718785407692053e+02 1.520394685599762283e+02 1.475059320841029660e+02 1.540357101454075064e+02 1.547158686108183190e+02
1.478276022940235634e+02 1.474415138283651743e+02 1.522399421965208148e+02 1.512646687101783129e+02 1.473702819431380533e+02 1.309121843068856492e+02 1.202206305090769405e+02 1.283471853996027505e+02 1.174606317027113533e+02 1.550806241927082283e+02 1.490402630164077493e+02 1.475127113166861932e+02 1.464240417417850040e+02 1.603464998058891240e+02 9.800000000000000000e+01 9.854947995803935612e+01 0.000000000000000000e+00 1.161378491276637988e+02 1.531110707950277572e+02 1.561729810178444495e+02 1.452721583786790234e+02 1.504659429904322110e+02 1.470578117612253948e+02 1.127430707405115839e+02 1.576642001216509641e+02 1.506751472539515930e+02 1.526171681037228609e+02 1.441561653208075597e+02 1.494790955284383642e+02 1.479222768889121653e+02 1.548160198429090144e+02 1.570541307957227843e+02 1.476279106402309083e+02 1.543437721451695097e+02 1.450448206589949223e+02 9.845303448853164241e+01 1.023327904437282569e+02 1.488220413782850926e+02 1.493452376207557677e+02 1.476617756902577696e+02 1.517069543560874365e+02 1.502863932629963699e+02 1.450586088448390001e+02 1.526663027652140272e+02 1.539318030817543672e+02
1.536782352839854866e+02 1.562785973830069963e+02 1.585717503214239059e+02 1.591194519849788946e+02 1.556920036482285070e+02 1.395707705789432111e+02 1.351480669488098840e+02 1.383582306912024649e+02 1.309770972345928897e+02 1.609347693943108197e+02 1.569362928069858469e+02 1.531012736720371095e+02 1.532775260760689662e+02 1.609378762131525207e+02 1.173200750084997139e+02 1.183384975398961245e+02 1.161378491276637988e+02 0.000000000000000000e+00 1.575150786432841699e+02 1.576515144234269599e+02 1.531992167081803302e+02 1.552803915502533698e+02 1.543761639632232914e+02 1.270629765116495236e+02 1.597122412340394249e+02 1.569617787870664927e+02 1.579113675452150574e+02 1.545606677004211065e+02 1.571559734785795399e+02 1.575150786432841699e+02 1.603683260497533638e+02 1.605303709582707086e+02 1.563265812330072038e+02 1.583792915756349657e+02 1.542789681064791125e+02 1.185369140816480069e+02 1.200499895876713481e+02 1.573403953217354854e+02 1.573086138773080620e+02 1.559358842601663753e+02 1.579525245129054554e+02 1.575182529105754270e+02 1.557176932785738472e+02 1.565407295242998487e+02 1.587041272305166046e+02
1.472480899706342541e+02 1.458835151756359210e+02 1.504194136406600819e+02 1.498799519615615452e+02 1.426919759481940844e+02 1.550322547084960547e+02 1.507315494513341889e+02 1.537400403278209069e+02 1.524991803256660035e+02 1.515354743946116400e+02 1.471529816211686637e+02 1.476177496102687599e+02 1.448343881818126704e+02 1.569012428249056370e+02 1.548321672004884135e+02 1.544700618242900703e+02 1.531110707950277572e+02 1.575150786432841699e+02 0.000000000000000000e+00 1.539123126978475398e+02 1.436488774756002158e+02 1.508807476121456546e+02 1.460239706349611595e+02 1.551322016861747386e+02 1.534372836047353985e+02 1.464854941623913760e+02 1.483340823951124321e+02 1.415273825095341635e+02 1.480304022827743324e+02 1.470578117612253948e+02 1.533525350295846863e+02 1.547546445183471633e+02 1.406022759417499515e+02 1.490201328680121549e+02 1.417709420156330964e+02 1.545121354457312464e+02 1.546964770122448556e+02 1.480641752754527829e+02 1.485496549979164342e+02 1.469591780053222863e+02 1.496662954709576638e+02 1.469047310334149756e+02 1.441492282324119856e+02 1.496328840863531582e+02 1.515585695366646064e+02
1.463523146383411415e+02 1.538278258313495144e+02 1.562337991601049225e+02 1.565023961477906482e+02 1.508575487007528011e+02 1.564033247728449112e+02 1.552642908076419133e+02 1.569872606296447088e+02 1.557209041843772468e+02 1.560961242311928743e+02 1.537497967478331304e+02 1.480810588833021484e+02 1.471529816211686637e+02 1.576927392114170914e+02 1.568757470101736260e+02 1.567482057313575865e+02 1.561729810178444495e+02 1.576515144234269599e+02 1.539123126978475398e+02 0.000000000000000000e+00 1.491174034108695139e+02 1.507779824775487612e+02 1.506519166821318549e+02 1.566045976336582441e+02 1.556663097783203682e+02 1.535610627730871158e+02 1.533753565603027482e+02 1.508011936292282940e+02 1.538960688256850915e+02 1.548644568647047493e+02 1.577593103433201520e+02 1.570413958165171096e+02 1.514727698300918917e+02 1.538505768594970107e+02 1.495727247863058835e+02 1.568789342136158211e+02 1.573531061021675441e+02 1.548483128742447832e+02 1.551515388257557788e+02 1.542660040319966299e+02 1.559390906732497228e+02 1.535187284991638990e+02 1.529967319912422283e+02 1.522005256232710906e+02 1.557851084025684543e+02
1.379093905432113729e+02 1.372916603439553285e+02 1.435165495683337440e+02 1.436001392756984671e+02 1.344544532546244682e+02 1.489765082152216280e+02 1.412126056696072851e+02 1.457566465036843510e+02 1.438575684487959165e+02 1.458355237930731221e+02 1.396531417476885792e+02 1.373317152008231403e+02 1.324537655183875984e+02 1.538148237329549488e+02 1.472752525036029283e+02 1.473227748856231756e+02 1.452721583786790234e+02 1.531992167081803302e+02 1.436488774756002158e+02 1.491174034108695139e+02 0.000000000000000000e+00 1.395277750127192462e+02 1.328156617270719266e+02 1.491743945856660787e+02 1.513142425550219059e+02 1.401106705429675685e+02 1.433108509499542436e+02 1.321173720598468435e+02 1.405489238663889466e+02 1.380253599886629559e+02 1.480607983228511557e+02 1.491106971347126375e+02 1.343651740593521424e+02 1.443814392503413160e+02 1.338656042454520900e+02 1.465025597046003725e+02 1.477768588108435779e+02 1.394775967673661796e+02 1.404919926543858253e+02 1.391833323354488527e+02 1.429510405698398472e+02 1.396209153386411401e+02 1.348109787814034064e+02 1.434538253236908361e+02 1.468911161370897958e+02
1.444472221955133477e+02 1.462497863246302359e+02 1.502031957050182029e+02 1.506884202584923287e+02 1.438540927467828396e+02 1.514727698300918917e+02 1.473668890897816368e+02 1.504360329176491007e+02 1.488657112971284562e+02 1.521578128128818719e+02 1.475703222196116258e+02 1.429545382280674630e+02 1.408545348932720742e+02 1.568151778368407747e+02 1.513604968279372542e+02 1.517234326002414093e+02 1.504659429904322110e+02 1.552803915502533698e+02 1.508807476121456546e+02 1.507779824775487612e+02 1.395277750127192462e+02 0.000000000000000000e+00 1.404706375012229955e+02 1.519111582471807651e+02 1.547061731153608548e+02 1.481924424523733990e+02 1.510231770292228930e+02 1.423762620663992493e+02 1.471937498673092364e+02 1.480574212932266391e+02 1.530947419084012893e+02 1.541298154154477800e+02 1.433736377441822469e+02 1.503263117355042482e+02 1.426323946374034506e+02 1.508741197157418412e+02 1.522891985664117840e+02 1.483307115873176087e+02 1.484587484791650809e+02 1.467719319216041356e+02 1.492012064294387699e+02 1.474245569774588205e+02 1.438471410908121015e+02 1.486102284501305917e+02 1.509138827278656834e+02
1.405311353401800432e+02 1.413046354512122775e+02 1.462976418128467344e+02 1.463113119345185851e+02 1.391114660982336204e+02 1.505323885414697145e+02 1.439618004888796747e+02 1.481046927008054013e+02 1.466458318534829743e+02 1.494121815649580753e+02 1.427550349374760117e+02 1.402569071382939114e+02 1.370182469600308366e+02 1.559262646253029345e+02 1.489496559244095693e+02 1.491509302686376088e+02 1.470578117612253948e+02 1.543761639632232914e+02 1.460239706349611595e+02 1.506519166821318549e+02 1.328156617270719266e+02 1.404706375012229955e+02 0.000000000000000000e+00 1.504293854271830639e+02 1.529182788289222117e+02 1.428180660840917540e+02 1.458492372280362588e+02 1.366565036871644736e+02 1.429335509948591323e+02 1.428740704256724143e+02 1.496262009141447038e+02 1.514133415521895074e+02 1.390251775758621307e+02 1.470510115572143945e+02 1.369014243899602263e+02 1.485361908761632321e+02 1.498399145755228972e+02 1.430034964607509096e+02 1.446720429108540600e+02 1.420633661434220585e+02 1.461677118928800780e+02 1.434224529144582618e+02 1.387731962592200432e+02 1.447722349071119368e+02 1.488119618847893548e+02
1.507912464302885098e+02 1.510430402236395651e+02 1.545639026422404925e+02 1.554027026792005302e+02 1.501232826712765416e+02 1.333004126025122389e+02 1.260079362579992477e+02 1.320681642183308213e+02 1.213589716502245182e+02 1.573054353797096212e+02 1.522563627570289668e+02 1.508741197157418412e+02 1.501299437154360703e+02 1.603620902832087722e+02 1.145818484752275168e+02 1.166747616239261873e+02 1.127430707405115839e+02 1.270629765116495236e+02 1.551322016861747386e+02 1.566045976336582441e+02 1.491743945856660787e+02 1.519111582471807651e+02 1.504293854271830639e+02 0.000000000000000000e+00 1.588993392056744938e+02 1.537660560722034120e+02 1.544894818426160725e+02 1.487077671138935386e+02 1.530196065868684627e+02 1.516443206981388983e+02 1.567705329454486503e+02 1.586474077947698333e+02 1.514958745312887913e+02 1.558685343486619104e+02 1.491475779220031370e+02 1.157410903698422970e+02 1.187476315553282973e+02 1.526400995806802996e+02 1.526073392730506839e+02 1.509933773382130937e+02 1.542141368357648332e+02 1.540941270782244885e+02 1.500166657408436208e+02 1.537530487502605467e+02 1.565886330485070630e+02
1.523778199082792923e+02 1.515552704461312885e+02 1.543016526159068746e+02 1.541006164815702562e+02 1.483239697419132597e+02 1.588206535687345706e+02 1.569362928069858469e+02 1.582371637764024115e+02 1.576927392114170914e+02 1.520263135118391347e+02 1.530457447954695738e+02 1.517102501481030572e+02 1.505323885414697145e+02 1.561569723067144935e+02 1.587198790322119635e+02 1.587702742959147315e+02 1.576642001216509641e+02 1.597122412340394249e+02 1.534372836047353985e+02 1.556663097783203682e+02 1.513142425550219059e+02 1.547061731153608548e+02 1.529182788289222117e+02 1.588993392056744938e+02 0.000000000000000000e+00 1.483340823951124321e+02 1.495125412799876017e+02 1.450965195998856530e+02 1.501998668441486871e+02 1.517333186877555988e+02 1.555699199716963221e+02 1.566588650539764274e+02 1.484924240491749856e+02 1.516575088810310206e+02 1.472141297566235778e+02 1.578448605435096113e+02 1.591979899370591909e+02 1.517629730863230009e+02 1.525254077195009472e+02 1.516970665504115914e+02 1.536912489376021824e+02 1.502264956657113828e+02 1.495459795514409791e+02 1.529019293534257429e+02 1.539318030817543672e+02
1.444576062379548205e+02 1.402069898400218904e+02 1.447964087952460375e+02 1.437289114966087880e+02 1.373062270984094937e+02 1.531306631605832251e+02 1.480810588833021484e+02 1.512944149663165945e+02 1.498932953804138606e+02 1.435095815616504353e+02 1.423165485809714141e+02 1.454269576110289108e+02 1.413966053340744224e+02 1.527612516314264894e+02 1.519572308249923367e+02 1.521216618368337379e+02 1.506751472539515930e+02 1.569617787870664927e+02 1.464854941623913760e+02 1.535610627730871158e+02 1.401106705429675685e+02 1.481924424523733990e+02 1.428180660840917540e+02 1.537660560722034120e+02 1.483340823951124321e+02 0.000000000000000000e+00 1.418978505827343497e+02 1.304223907157049496e+02 1.413470905254154957e+02 1.389316378655344408e+02 1.479966215830618239e+02 1.489865765765493393e+02 1.374372584127026187e+02 1.438297604809241079e+02 1.362314207516019451e+02 1.522103807235235706e+02 1.524631102922933223e+02 1.417709420156330964e+02 1.424464811780199796e+02 1.411063428765695278e+02 1.439374864307418704e+02 1.404599587070991618e+02 1.362901317043900917e+02 1.467037831823024305e+02 1.471733671558818344e+02
1.454750837772571970e+02 1.431118443735528274e+02 1.478884714911882554e+02 1.474075981759420699e+02 1.404350383629384567e+02 1.542724862054151345e+02 1.504027925272665982e+02 1.532742639845319843e+02 1.523318745371434204e+02 1.460000000000000000e+02 1.449103170930213764e+02 1.466151424648900274e+02 1.447065997112778462e+02 1.527776161615306876e+02 1.540649213805660622e+02 1.537270308046050786e+02 1.526171681037228609e+02 1.579113675452150574e+02 1.483340823951124321e+02 1.533753565603027482e+02 1.433108509499542436e+02 1.510231770292228930e+02 1.458492372280362588e+02 1.544894818426160725e+02 1.495125412799876017e+02 1.418978505827343497e+02 0.000000000000000000e+00 1.355027674994130962e+02 1.431921785573499903e+02 1.425727884275256656e+02 1.501132905508369788e+02 1.509834428008581426e+02 1.406556077801379274e+02 1.455472431892820282e+02 1.390251775758621307e+02 1.534828980701107355e+02 1.541946821391710500e+02 1.448033148791836311e+02 1.452033057474932320e+02 1.446236495183273973e+02 1.461403435058231821e+02 1.436732403755132168e+02 1.404279174523356630e+02 1.475364361776439353e+02 1.489865765765493393e+02
1.372953021774598028e+02 1.317118066082156531e+02 1.383762985485592480e+02 1.374554473274886277e+02 1.279335765153151669e+02 1.491810979983724224e+02 1.410957121956581659e+02 1.451550894732940549e+02 1.436175476743702006e+02 1.364954211686238352e+02 1.334016491652183447e+02 1.389640241213530771e+02 1.343912199513048620e+02 1.485058921389989735e+02 1.463181465164181247e+02 1.469047310334149756e+02 1.441561653208075597e+02 1.545606677004211065e+02 1.415273825095341635e+02 1.508011936292282940e+02 1.321173720598468435e+02 1.423762620663992493e+02 1.366565036871644736e+02 1.487077671138935386e+02 1.450965195998856530e+02 1.304223907157049496e+02 1.355027674994130962e+02 0.000000000000000000e+00 1.329924809904680387e+02 1.293445012360401734e+02 1.415591749057615800e+02 1.439687466084219238e+02 1.277145254072535039e+02 1.365759861761942489e+02 1.269448699239161868e+02 1.459794506086387571e+02 1.479155164274525873e+02 1.336525345812790704e+02 1.344507344717759452e+02 1.323140204211178741e+02 1.376154061142864862e+02 1.322762261330432807e+02 1.268108828137396102e+02 1.408190328045182866e+02 1.413294024610590327e+02
1.433771250932309727e+02 1.338992158304147893e+02 1.395886814895820862e+02 1.396244964180712884e+02 1.378042089342702070e+02 1.531665759883663327e+02 1.471223980228707262e+02 1.509205088780182962e+02 1.494422965562293655e+02 1.475194902377309631e+02 1.383654581172627900e+02 1.440555448429528553e+02 1.411240588985450017e+02 1.536131504787269080e+02 1.513274595042155681e+02 1.511290838985004825e+02 1.494790955284383642e+02 1.571559734785795399e+02 1.480304022827743324e+02 1.538960688256850915e+02 1.405489238663889466e+02 1.471937498673092364e+02 1.429335509948591323e+02 1.530196065868684627e+02 1.501998668441486871e+02 1.413470905254154957e+02 1.431921785573499903e+02 1.329924809904680387e+02 0.000000000000000000e+00 1.349703671181196682e+02 1.441318840506846470e+02 1.470714112259755382e+02 1.365357096147377831e+02 1.451206394693738844e+02 1.352627073512873324e+02 1.504759116935331917e+02 1.515255753990064989e+02 1.333866560042645233e+02 1.383690716887267342e+02 1.357792325799494222e+02 1.391294361377203188e+02 1.383112432161608467e+02 1.279453008124956455e+02 1.455369368923229842e+02 1.410070920202242917e+02
1.435618333680647822e+02 1.253076214761097447e+02 1.343279568816558651e+02 1.324613151074682662e+02 1.346514017751022152e+02 1.524631102922933223e+02 1.450655024463087273e+02 1.492112596287558972e+02 1.474855925166929751e+02 1.446063622390107639e+02 1.351591654309836201e+02 1.446201922277798531e+02 1.394022955334667415e+02 1.518683640525570411e+02 1.497097191233755495e+02 1.496495907111008421e+02 1.479222768889121653e+02 1.575150786432841699e+02 1.470578117612253948e+02 1.548644568647047493e+02 1.380253599886629559e+02 1.480574212932266391e+02 1.428740704256724143e+02 1.516443206981388983e+02 1.517333186877555988e+02 1.389316378655344408e+02 1.425727884275256656e+02 1.293445012360401734e+02 1.349703671181196682e+02 0.000000000000000000e+00 1.278944877623738705e+02 1.235516086499888502e+02 1.353698637068088431e+02 1.450965195998856530e+02 1.346068348933292498e+02 1.496195174434137698e+02 1.508144555405747553e+02 1.331502910248415503e+02 1.316320629633980843e+02 1.283549765299343619e+02 1.329285522376588631e+02 1.369707998078422690e+02 1.280507711808093632e+02 1.465605676844900813e+02 1.429125606795987551e+02
1.500033332962971144e+02 1.374299821727413189e+02 1.431188317448126668e+02 1.432724676970422024e+02 1.445544879967412157e+02 1.579810115172073495e+02 1.532285874110963562e+02 1.552578500430815609e+02 1.546447541948966204e+02 1.518947003683801995e+02 1.445925309274306869e+02 1.509039429571010373e+02 1.488287606613721721e+02 1.554059200931547480e+02 1.564416824251132994e+02 1.562241978696002036e+02 1.548160198429090144e+02 1.603683260497533638e+02 1.533525350295846863e+02 1.577593103433201520e+02 1.480607983228511557e+02 1.530947419084012893e+02 1.496262009141447038e+02 1.567705329454486503e+02 1.555699199716963221e+02 1.479966215830618239e+02 1.501132905508369788e+02 1.415591749057615800e+02 1.441318840506846470e+02 1.278944877623738705e+02 0.000000000000000000e+00 1.408190328045182866e+02 1.452515060162888574e+02 1.511158495989087100e+02 1.450448206589949223e+02 1.559903843190342343e+02 1.568821213523070526e+02 1.441249457935717544e+02 1.406200554686279531e+02 1.398499195566447213e+02 1.423832855359083283e+02 1.455335012978111422e+02 1.408687332235226677e+02 1.523646940731349275e+02 1.490335532690541527e+02
1.513505863880282334e+02 1.410709041581573047e+02 1.468843082156838022e+02 1.456468331272602654e+02 1.469557756605707652e+02 1.573340395464376229e+02 1.546382876263184585e+02 1.568980560746371964e+02 1.568151778368407747e+02 1.527874340382742275e+02 1.486034992858512851e+02 1.521578128128818719e+02 1.500533238552215494e+02 1.560801076370720466e+02 1.580126577208294520e+02 1.575817248287376628e+02 1.570541307957227843e+02 1.605303709582707086e+02 1.547546445183471633e+02 1.570413958165171096e+02 1.491106971347126375e+02 1.541298154154477800e+02 1.514133415521895074e+02 1.586474077947698333e+02 1.566588650539764274e+02 1.489865765765493393e+02 1.509834428008581426e+02 1.439687466084219238e+02 1.470714112259755382e+02 1.235516086499888502e+02 1.408190328045182866e+02 0.000000000000000000e+00 1.473159869124868635e+02 1.515519712837810573e+02 1.476550033016152099e+02 1.572800050864699131e+02 1.585559838038287239e+02 1.464923206178399084e+02 1.452583904633395093e+02 1.423727502017152062e+02 1.448481963988506038e+02 1.484654842042419034e+02 1.433178286187730350e+02 1.526597523907333027e+02 1.506021248190077699e+02
1.399892853042689183e+02 1.347924330220357660e+02 1.410779926140147609e+02 1.410354565348728215e+02 1.323555816730068955e+02 1.505589585511270627e+02 1.441769745833224192e+02 1.481384487565601660e+02 1.473261687549092471e+02 1.437776060448914279e+02 1.365759861761942489e+02 1.414496376806953890e+02 1.379492660364671792e+02 1.530065358081150748e+02 1.489697955962885771e+02 1.492849624041216146e+02 1.476279106402309083e+02 1.563265812330072038e+02 1.406022759417499515e+02 1.514727698300918917e+02 1.343651740593521424e+02 1.433736377441822469e+02 1.390251775758621307e+02 1.514958745312887913e+02 1.484924240491749856e+02 1.374372584127026187e+02 1.406556077801379274e+02 1.277145254072535039e+02 1.365357096147377831e+02 1.353698637068088431e+02 1.452515060162888574e+02 1.473159869124868635e+02 0.000000000000000000e+00 1.424850869389495074e+02 1.300384558505675159e+02 1.485429230895905164e+02 1.499599946652439826e+02 1.370912105132929355e+02 1.373826772195097305e+02 1.357497697972265485e+02 1.403174971270511264e+02 1.382895513045002360e+02 1.312326178966189900e+02 1.432515270424717073e+02 1.442463171106978450e+02
1.467685252361690686e+02 1.447446026627590641e+02 1.489194413097228846e+02 1.491945039202181817e+02 1.404065525536468613e+02 1.552803915502533698e+02 1.514826722764026101e+02 1.540681667314828474e+02 1.538473269186046082e+02 1.451826435907543384e+02 1.462566237816257058e+02 1.473499236511509025e+02 1.453753761818004762e+02 1.547740288291288095e+02 1.552546295606028082e+02 1.554927651050041675e+02 1.543437721451695097e+02 1.583792915756349657e+02 1.490201328680121549e+02 1.538505768594970107e+02 1.443814392503413160e+02 1.503263117355042482e+02 1.470510115572143945e+02 1.558685343486619104e+02 1.516575088810310206e+02 1.438297604809241079e+02 1.455472431892820282e+02 1.365759861761942489e+02 1.451206394693738844e+02 1.450965195998856530e+02 1.511158495989087100e+02 1.515519712837810573e+02 1.424850869389495074e+02 0.000000000000000000e+00 1.402854233340014503e+02 1.550322547084960547e+02 1.551193089205853823e+02 1.467242311276498015e+02 1.478580400248833371e+02 1.455541136484984293e+02 1.484082207965583109e+02 1.452996902956093663e+02 1.427235089254745048e+02 1.488186816229736564e+02 1.504360329176491007e+02
1.375827024011376238e+02 1.349629578810423141e+02 1.401962909637769314e+02 1.392874725163752885e+02 1.294372434811557753e+02 1.491308150584579835e+02 1.419753499731555451e+02 1.465708020036732933e+02 1.446754989623329379e+02 1.419436507914320202e+02 1.360110289645659520e+02 1.389532295414539931e+02 1.356097341638866283e+02 1.519309053484510628e+02 1.474516870028959659e+02 1.477971582947385230e+02 1.450448206589949223e+02 1.542789681064791125e+02 1.417709420156330964e+02 1.495727247863058835e+02 1.338656042454520900e+02 1.426323946374034506e+02 1.369014243899602263e+02 1.491475779220031370e+02 1.472141297566235778e+02 1.362314207516019451e+02 1.390251775758621307e+02 1.269448699239161868e+02 1.352627073512873324e+02 1.346068348933292498e+02 1.450448206589949223e+02 1.476550033016152099e+02 1.300384558505675159e+02 1.402854233340014503e+02 0.000000000000000000e+00 1.465093853648973550e+02 1.486068639060793828e+02 1.362350909274112212e+02 1.375863365309215567e+02 1.347219358530747968e+02 1.401534872916118388e+02 1.365942897781602028e+02 1.299384469662462891e+02 1.399892853042689183e+02 1.430069928360148310e+02
