0.000000000000000000e+00 1.184947256210165705e+02 1.227028932014237341e+02 1.221515452214993473e+02 1.154512884293631458e+02 1.251519076962073314e+02 1.207600927459067464e+02 1.232355468199009465e+02 1.223233420079749152e+02 1.240322538697092227e+02 1.197831373775123609e+02 1.153776408148476520e+02 1.124588813744828286e+02 1.301537552281915566e+02 1.243663941746322337e+02 1.248599215120688797e+02 1.237820665524695443e+02 1.288875478857441976e+02 1.224744871391589101e+02 1.226865925845200138e+02 1.137760959077081395e+02 1.201207725582881807e+02 1.168845584326689391e+02 1.263487237766966871e+02 1.280976190254916389e+02 1.196662024132127300e+02 1.211404143958571780e+02 1.137760959077081395e+02 1.195198728245642030e+02 1.181524439019354418e+02 1.253554944946570799e+02 1.264199351368287978e+02 1.154729405531876125e+02 1.225683482796435442e+02 1.138771267638940685e+02 1.251439171514141151e+02 1.257974562540912444e+02 1.201499063670047178e+02 1.204906635387157223e+02 1.193440404879942065e+02 1.220983210367775627e+02 1.199166377113701429e+02 1.158792474949677995e+02 1.212930336004504426e+02 1.240806189539687949e+02
1.184947256210165705e+02 0.000000000000000000e+00 1.090917045425544671e+02 1.066395798941462516e+02 1.129424632279639980e+02 1.269724379540693917e+02 1.205404496424333018e+02 1.243462906563762402e+02 1.224009803882305505e+02 1.223887249708893705e+02 1.106571281029830516e+02 1.189327541092023921e+02 1.158619868636819064e+02 1.294565564195185914e+02 1.243784547258889148e+02 1.248719343968051163e+02 1.233572048969982120e+02 1.319280106724876021e+02 1.209007857708129166e+02 1.291239714383042099e+02 1.134812759885964653e+02 1.219262071910711143e+02 1.175031914460198834e+02 1.272517190453630036e+02 1.278123624693636629e+02 1.160387866189577153e+02 1.192476414861107372e+02 1.092245393673051836e+02 1.098635517357781453e+02 1.021518477561713070e+02 1.133887119602299691e+02 1.164259421263147800e+02 1.110000000000000000e+02 1.205404496424333018e+02 1.115930105338143505e+02 1.246354684670459250e+02 1.257139610385417825e+02 1.078378412246832738e+02 1.055414610473059582e+02 1.012324058787501144e+02 1.074011173126238958e+02 1.143809424685773450e+02 1.045322916614765489e+02 1.220942259076980321e+02 1.162540321881353123e+02
1.227028932014237341e+02 1.090917045425544671e+02 0.000000000000000000e+00 1.107925990308016964e+02 1.170854388897270155e+02 1.304338913013025092e+02 1.252796871005032529e+02 1.287206277175496041e+02 1.272438603626909810e+02 1.259761882261881993e+02 1.160172400981854111e+02 1.228576411950025999e+02 1.209586706276156178e+02 1.303073290340954031e+02 1.288603895694871824e+02 1.290813696859465551e+02 1.277419273378948219e+02 1.337834070428765756e+02 1.258729518204765014e+02 1.316966210652346376e+02 1.188233983691764308e+02 1.260119041995636167e+02 1.216223663640861758e+02 1.307899078675415296e+02 1.299499903809153807e+02 1.204159457879229507e+02 1.231787319304757204e+02 1.145643923738959984e+02 1.155984428960874908e+02 1.103177229641729014e+02 1.195742447185011486e+02 1.224989795875867742e+02 1.177624728001242289e+02 1.247517534946904050e+02 1.163872845288522058e+02 1.284717867860488525e+02 1.296957979273037154e+02 1.136221809331259038e+02 1.124899995555160501e+02 1.096676798332124889e+02 1.135605565326271176e+02 1.187518420909755861e+02 1.111395519155984317e+02 1.257696306744994814e+02 1.199916663772947203e+02
1.221515452214993473e+02 1.066395798941462516e+02 1.107925990308016964e+02 0.000000000000000000e+00 1.165761553663526797e+02 1.294217910554478408e+02 1.243060738660826701e+02 1.270118104744594234e+02 1.256264303401159310e+02 1.256622457224125782e+02 1.155032467076142382e+02 1.220286851523034386e+02 1.193817406473871046e+02 1.311144538180287782e+02 1.275225470260063503e+02 1.276832017142427418e+02 1.262022186809724786e+02 1.332478892890990494e+02 1.247357206256491651e+02 1.309923661897898626e+02 1.183638458314024149e+02 1.251159462258908093e+02 1.210743573181373591e+02 1.302727907124123874e+02 1.288797889507893331e+02 1.198206993803658236e+02 1.224091499847948512e+02 1.135693620656557243e+02 1.145163743750211438e+02 1.088255484709358143e+02 1.177667185583431291e+02 1.205611877844607136e+02 1.158663022625646732e+02 1.245632369521601674e+02 1.151043005278256288e+02 1.277967135727675867e+02 1.289883715689131520e+02 1.127519401163456649e+02 1.110360301884032594e+02 1.083881912387138300e+02 1.124233071920587150e+02 1.184862861262855205e+02 1.092565787492908811e+02 1.245431652078908797e+02 1.194696614207975358e+02
1.154512884293631458e+02 1.129424632279639980e+02 1.170854388897270155e+02 1.165761553663526797e+02 0.000000000000000000e+00 1.254192967609051834e+02 1.196244122242613201e+02 1.230690862889620973e+02 1.212682975884464156e+02 1.176732764904589601e+02 1.151043005278256288e+02 1.161249327233389579e+02 1.132431013351365294e+02 1.278944877623738705e+02 1.234098861517990429e+02 1.237861058439112583e+02 1.222824599032911124e+02 1.299115083431795199e+02 1.180804810288305049e+02 1.263131030416084712e+02 1.107971118757163254e+02 1.191217864204529064e+02 1.153906408683130564e+02 1.255268895496100470e+02 1.239919352216102766e+02 1.131768527570898613e+02 1.162411286937631161e+02 1.051189802081431850e+02 1.137013632284151612e+02 1.113058848399310818e+02 1.207435298473587011e+02 1.221269830954650217e+02 1.094577544078079399e+02 1.158360910942699178e+02 1.058158778255890979e+02 1.235151812531560864e+02 1.248599215120688797e+02 1.139780680657467542e+02 1.147301181033123498e+02 1.122408125416062745e+02 1.163400189100895687e+02 1.133534295908156508e+02 1.083928041892080643e+02 1.172220115848555082e+02 1.201707119060214239e+02
1.251519076962073314e+02 1.269724379540693917e+02 1.304338913013025092e+02 1.294217910554478408e+02 1.254192967609051834e+02 0.000000000000000000e+00 1.020294075254776800e+02 1.084804129785649423e+02 1.028882889351358614e+02 1.319280106724876021e+02 1.278006259765577255e+02 1.258928115501437190e+02 1.244909635274785700e+02 1.355912976558599041e+02 1.095810202544218015e+02 1.101952812056850348e+02 1.086416126537156970e+02 1.168032533793472680e+02 1.297266356613012590e+02 1.318521899704361999e+02 1.232801687214938937e+02 1.272084902826851476e+02 1.250559874616165672e+02 1.120044641967453032e+02 1.339626813705966413e+02 1.276832017142427418e+02 1.293290377293513984e+02 1.240080642539024609e+02 1.278436545159751034e+02 1.268266533501534923e+02 1.319810592471510802e+02 1.321930406640228455e+02 1.250000000000000000e+02 1.297536126664687401e+02 1.235192292722068430e+02 1.103992753599406598e+02 1.111395519155984317e+02 1.280741972451906463e+02 1.285962674419440646e+02 1.268857754044952060e+02 1.291859125446733856e+02 1.290000000000000000e+02 1.242457242725076583e+02 1.301268611778521347e+02 1.316776366738103263e+02
1.207600927459067464e+02 1.205404496424333018e+02 1.252796871005032529e+02 1.243060738660826701e+02 1.196244122242613201e+02 1.020294075254776800e+02 0.000000000000000000e+00 9.798979538707078518e+01 9.146584061823298839e+01 1.275107838576800532e+02 1.217661693575025765e+02 1.211981848048888821e+02 1.183131438175826702e+02 1.328871701858384711e+02 9.983987179478947382e+01 1.006031808642251661e+02 9.842255838983255956e+01 1.111260545506768125e+02 1.255268895496100470e+02 1.299422948850758246e+02 1.170469991071962568e+02 1.231503146565204645e+02 1.193607975844665674e+02 1.034746345729232360e+02 1.308204876921042512e+02 1.228779882647823882e+02 1.248679302303037275e+02 1.172433366976563036e+02 1.221310771261762085e+02 1.199874993488905091e+02 1.275186260904657019e+02 1.285651585772755254e+02 1.190588089979065813e+02 1.263249777359964554e+02 1.176817742898194012e+02 1.011830025251277050e+02 1.021077861869505057e+02 1.213301281627939261e+02 1.227069680173053570e+02 1.200083330440015743e+02 1.239556372255816399e+02 1.228047230362089977e+02 1.180550718944340787e+02 1.258769240170731223e+02 1.270000000000000000e+02
1.232355468199009465e+02 1.243462906563762402e+02 1.287206277175496041e+02 1.270118104744594234e+02 1.230690862889620973e+02 1.084804129785649423e+02 9.798979538707078518e+01 0.000000000000000000e+00 9.808159868191383168e+01 1.295028957205204847e+02 1.243905141077887890e+02 1.231949674296803465e+02 1.218851918815407203e+02 1.344879176729270398e+02 1.063108649198189966e+02 1.063625874074150204e+02 1.050571273165224113e+02 1.142234651899512272e+02 1.278084504248447502e+02 1.316472559531720776e+02 1.207973509643319971e+02 1.255468040214485086e+02 1.228128657755367215e+02 1.088990358084037382e+02 1.326272973410828513e+02 1.252317851026647304e+02 1.278749389051662462e+02 1.208635594379050247e+02 1.251718818265508020e+02 1.242537725785418559e+02 1.297651725232930175e+02 1.307554970163778592e+02 1.225765067213126258e+02 1.283978192961235720e+02 1.211734294307130710e+02 1.070420478129972963e+02 1.081757828721382566e+02 1.251519076962073314e+02 1.253674598929084141e+02 1.240564387688120007e+02 1.269133562711190706e+02 1.261150268604023239e+02 1.214536948799829617e+02 1.281834622718547223e+02 1.293560976529518030e+02
1.223233420079749152e+02 1.224009803882305505e+02 1.272438603626909810e+02 1.256264303401159310e+02 1.212682975884464156e+02 1.028882889351358614e+02 9.146584061823298839e+01 9.808159868191383168e+01 0.000000000000000000e+00 1.285029182548007327e+02 1.226009787889150573e+02 1.223968953854631110e+02 1.197079780131633555e+02 1.342274189575289540e+02 9.725224933131366356e+01 9.719567891629750989e+01 9.578622030334008741e+01 1.077079384260974564e+02 1.271101884193395364e+02 1.305641604729261189e+02 1.185495676921683241e+02 1.247637767943885194e+02 1.211569230378520245e+02 9.930256794262673736e+01 1.319924240250174421e+02 1.246555253488588875e+02 1.268305956778568486e+02 1.190965994476752456e+02 1.237820665524695443e+02 1.219139040470774233e+02 1.290542521577650348e+02 1.302036865837523010e+02 1.215853609609314816e+02 1.282965315197569964e+02 1.193607975844665674e+02 9.773433378296492435e+01 9.900505037623081250e+01 1.233653111697125269e+02 1.248639259353957698e+02 1.219590095072930609e+02 1.253993620398445188e+02 1.242135258335419792e+02 1.197205078505767091e+02 1.276283667528500558e+02 1.282692480682723897e+02
1.240322538697092227e+02 1.223887249708893705e+02 1.259761882261881993e+02 1.256622457224125782e+02 1.176732764904589601e+02 1.319280106724876021e+02 1.275107838576800532e+02 1.295028957205204847e+02 1.285029182548007327e+02 0.000000000000000000e+00 1.236769986699224546e+02 1.249799983997439483e+02 1.229593428739760270e+02 1.293599628942432958e+02 1.303265130355293309e+02 1.310801281659428241e+02 1.295453588516392927e+02 1.350037036528998442e+02 1.262933094031508858e+02 1.310419780070493232e+02 1.213466109951159666e+02 1.271652468247516055e+02 1.242095004417939066e+02 1.320984481362290524e+02 1.282380598730345866e+02 1.192476414861107372e+02 1.216429200570259184e+02 1.127430707405115839e+02 1.221842870421561145e+02 1.195073219514185183e+02 1.269409311451590128e+02 1.283900307656322752e+02 1.190714071471400786e+02 1.221433583949614530e+02 1.172092146548213947e+02 1.309541904636884908e+02 1.317915020022155943e+02 1.226621375975488206e+02 1.245712647443221499e+02 1.214948558581802729e+02 1.251399216876852591e+02 1.207393887677091016e+02 1.181778321006101322e+02 1.269881884271131725e+02 1.266807009769049301e+02
1.197831373775123609e+02 1.106571281029830516e+02 1.160172400981854111e+02 1.155032467076142382e+02 1.151043005278256288e+02 1.278006259765577255e+02 1.217661693575025765e+02 1.243905141077887890e+02 1.226009787889150573e+02 1.236769986699224546e+02 0.000000000000000000e+00 1.198248722094040062e+02 1.163142295680111573e+02 1.305143670252436152e+02 1.248078523170717773e+02 1.255069719178978573e+02 1.242175510948432731e+02 1.312935641987070028e+02 1.224499897917513067e+02 1.289340916902895913e+02 1.161765897244363117e+02 1.225846646200086525e+02 1.189285499785480482e+02 1.271455858455180561e+02 1.290929897399545041e+02 1.183553970041079282e+02 1.210826164236633957e+02 1.110900535601635255e+02 1.142322196230117868e+02 1.113552872566004339e+02 1.203328716519305885e+02 1.237335847698594762e+02 1.128804677523972657e+02 1.224622390780113079e+02 1.126676528556444197e+02 1.248158643762883173e+02 1.262418314189080490e+02 1.137717012266231364e+02 1.123120652467934946e+02 1.109279045145990352e+02 1.148041811085293205e+02 1.165504182746677202e+02 1.098271369015873091e+02 1.224908159822604858e+02 1.189453656095940488e+02
1.153776408148476520e+02 1.189327541092023921e+02 1.228576411950025999e+02 1.220286851523034386e+02 1.161249327233389579e+02 1.258928115501437190e+02 1.211981848048888821e+02 1.231949674296803465e+02 1.223968953854631110e+02 1.249799983997439483e+02 1.198248722094040062e+02 0.000000000000000000e+00 1.107384305469424675e+02 1.310038167382920165e+02 1.237699478871991801e+02 1.246194206373950379e+02 1.228576411950025999e+02 1.285690475970013438e+02 1.224254875424231273e+02 1.237497474744898227e+02 1.126632149372633478e+02 1.188318139220301504e+02 1.160000000000000000e+02 1.260317420335051963e+02 1.282770439322640357e+02 1.205321533865549100e+02 1.223642104538741364e+02 1.144421251113417526e+02 1.194612908016651289e+02 1.190882026063035397e+02 1.256980508997653487e+02 1.268778940556628214e+02 1.164130576868419809e+02 1.230975223146266302e+02 1.145687566485732560e+02 1.244949798184649694e+02 1.256702033100925604e+02 1.206482490548453796e+02 1.210454460109920802e+02 1.188654701753204677e+02 1.225887433657756418e+02 1.206150902665168161e+02 1.166276125109315558e+02 1.213177645689204098e+02 1.245552086425935130e+02
1.124588813744828286e+02 1.158619868636819064e+02 1.209586706276156178e+02 1.193817406473871046e+02 1.132431013351365294e+02 1.244909635274785700e+02 1.183131438175826702e+02 1.218851918815407203e+02 1.197079780131633555e+02 1.229593428739760270e+02 1.163142295680111573e+02 1.107384305469424675e+02 0.000000000000000000e+00 1.288293444833124965e+02 1.221310771261762085e+02 1.223151666801791180e+02 1.214866247782034634e+02 1.282926342390707930e+02 1.194864008998513611e+02 1.223887249708893705e+02 1.086185987757161229e+02 1.167133240037314721e+02 1.131415043209166527e+02 1.249439874503771364e+02 1.261586303032812708e+02 1.168888360794135082e+02 1.201582290149118393e+02 1.106797181058932722e+02 1.159310139695155044e+02 1.147214016650772948e+02 1.241410488114225643e+02 1.250879690457879292e+02 1.133710721480572374e+02 1.201499063670047178e+02 1.114585124609152444e+02 1.226458315638978434e+02 1.242497484906911183e+02 1.162540321881353123e+02 1.178261431092438016e+02 1.157756451072504262e+02 1.188149822202570505e+02 1.169572571497810003e+02 1.126809655620681951e+02 1.200041665943312097e+02 1.216182552086651185e+02
1.301537552281915566e+02 1.294565564195185914e+02 1.303073290340954031e+02 1.311144538180287782e+02 1.278944877623738705e+02 1.355912976558599041e+02 1.328871701858384711e+02 1.344879176729270398e+02 1.342274189575289540e+02 1.293599628942432958e+02 1.305143670252436152e+02 1.310038167382920165e+02 1.288293444833124965e+02 0.000000000000000000e+00 1.355912976558599041e+02 1.358381389742954468e+02 1.350851583261462565e+02 1.364624490473478318e+02 1.322573249389235173e+02 1.336188609441047390e+02 1.285029182548007327e+02 1.328796447918190324e+02 1.311792666544526753e+02 1.362204096308625765e+02 1.328796447918190324e+02 1.270983870865401713e+02 1.282380598730345866e+02 1.233734169098027422e+02 1.286662348870129904e+02 1.265306287030930719e+02 1.307210771069455291e+02 1.313392553656369728e+02 1.273970172335286719e+02 1.306483830745715693e+02 1.268857754044952060e+02 1.353033628554737788e+02 1.363341483268223726e+02 1.302459212413194791e+02 1.299461426899621301e+02 1.289379695822762812e+02 1.300845878649734573e+02 1.258411697339149811e+02 1.267911668847636975e+02 1.313849306427491399e+02 1.314077623278016347e+02
1.243663941746322337e+02 1.243784547258889148e+02 1.288603895694871824e+02 1.275225470260063503e+02 1.234098861517990429e+02 1.095810202544218015e+02 9.983987179478947382e+01 1.063108649198189966e+02 9.725224933131366356e+01 1.303265130355293309e+02 1.248078523170717773e+02 1.237699478871991801e+02 1.221310771261762085e+02 1.355912976558599041e+02 0.000000000000000000e+00 8.160269603389339466e+01 7.845380806563821352e+01 9.664884893261792342e+01 1.285573801848808557e+02 1.320795215012531685e+02 1.214166380690883784e+02 1.266964877176948363e+02 1.235354200219515945e+02 9.515776374001229954e+01 1.333491657266741299e+02 1.261705195360627840e+02 1.285768252835634371e+02 1.211775556776088791e+02 1.255149393498638517e+02 1.238749369323754621e+02 1.306636904422954046e+02 1.315940728148498238e+02 1.232761128524094829e+02 1.293445012360401734e+02 1.216757987440394828e+02 8.307827634225448321e+01 8.467585252006618646e+01 1.250079997440163879e+02 1.261467399499487669e+02 1.239273981006621455e+02 1.273145710435376685e+02 1.264159800025297500e+02 1.220040982918196875e+02 1.291936530948792381e+02 1.302190462259649735e+02
1.248599215120688797e+02 1.248719343968051163e+02 1.290813696859465551e+02 1.276832017142427418e+02 1.237861058439112583e+02 1.101952812056850348e+02 1.006031808642251661e+02 1.063625874074150204e+02 9.719567891629750989e+01 1.310801281659428241e+02 1.255069719178978573e+02 1.246194206373950379e+02 1.223151666801791180e+02 1.358381389742954468e+02 8.160269603389339466e+01 0.000000000000000000e+00 8.073413156775762900e+01 9.761147473529943852e+01 1.290271289303144897e+02 1.321438610000479628e+02 1.225112239756015242e+02 1.268187683270895008e+02 1.243382483389564186e+02 9.640539403996022827e+01 1.333679121828035647e+02 1.265780391695178650e+02 1.286740066990998628e+02 1.221924711264978072e+02 1.256702033100925604e+02 1.241772926102030965e+02 1.309580085370879488e+02 1.316814337710521841e+02 1.241692393469493680e+02 1.294720046959959632e+02 1.220983210367775627e+02 8.249242389456136948e+01 8.490583018850944086e+01 1.250359948174924511e+02 1.266728068687198601e+02 1.247116674573794626e+02 1.278514763309364355e+02 1.267280552995270995e+02 1.221720098876989056e+02 1.293986089569744991e+02 1.296610967098458502e+02
1.237820665524695443e+02 1.233572048969982120e+02 1.277419273378948219e+02 1.262022186809724786e+02 1.222824599032911124e+02 1.086416126537156970e+02 9.842255838983255956e+01 1.050571273165224113e+02 9.578622030334008741e+01 1.295453588516392927e+02 1.242175510948432731e+02 1.228576411950025999e+02 1.214866247782034634e+02 1.350851583261462565e+02 7.845380806563821352e+01 8.073413156775762900e+01 0.000000000000000000e+00 9.556149852320231730e+01 1.274284112747231887e+02 1.317421724429956384e+02 1.204616121426240909e+02 1.262497524750048825e+02 1.224254875424231273e+02 9.373366524360390883e+01 1.325405598298121106e+02 1.256264303401159310e+02 1.278084504248447502e+02 1.201207725582881807e+02 1.243503116200357539e+02 1.224173190361559875e+02 1.296302433847904183e+02 1.305143670252436152e+02 1.225561095988282432e+02 1.289612344854064929e+02 1.202497401244593078e+02 7.990619500389190932e+01 8.234682750416071428e+01 1.235394673778384060e+02 1.253554944946570799e+02 1.227802915780867465e+02 1.266649122685521007e+02 1.253315602711463868e+02 1.205155591614626331e+02 1.282731460594929160e+02 1.292362178338564718e+02
1.288875478857441976e+02 1.319280106724876021e+02 1.337834070428765756e+02 1.332478892890990494e+02 1.299115083431795199e+02 1.168032533793472680e+02 1.111260545506768125e+02 1.142234651899512272e+02 1.077079384260974564e+02 1.350037036528998442e+02 1.312935641987070028e+02 1.285690475970013438e+02 1.282926342390707930e+02 1.364624490473478318e+02 9.664884893261792342e+01 9.761147473529943852e+01 9.556149852320231730e+01 0.000000000000000000e+00 1.324613151074682662e+02 1.338058294694218375e+02 1.274872542648871985e+02 1.310152662860324710e+02 1.292903708711518789e+02 1.059716943339116426e+02 1.353846372377604723e+02 1.318635658550154517e+02 1.322535443759447844e+02 1.287672318565558101e+02 1.313506756739378147e+02 1.315826736314473919e+02 1.357645019878171126e+02 1.351221669453239542e+02 1.303917175283767733e+02 1.334428716717382315e+02 1.281717597600969327e+02 9.771898484941398522e+01 9.903029839397638057e+01 1.313544822227243287e+02 1.322119510483072702e+02 1.308319532835920143e+02 1.331915913261794344e+02 1.324613151074682662e+02 1.294217910554478408e+02 1.323102414781259597e+02 1.339701459281133964e+02
1.224744871391589101e+02 1.209007857708129166e+02 1.258729518204765014e+02 1.247357206256491651e+02 1.180804810288305049e+02 1.297266356613012590e+02 1.255268895496100470e+02 1.278084504248447502e+02 1.271101884193395364e+02 1.262933094031508858e+02 1.224499897917513067e+02 1.224254875424231273e+02 1.194864008998513611e+02 1.322573249389235173e+02 1.285573801848808557e+02 1.290271289303144897e+02 1.274284112747231887e+02 1.324613151074682662e+02 0.000000000000000000e+00 1.293445012360401734e+02 1.180889495253472035e+02 1.252717047062104854e+02 1.216059209084820907e+02 1.302459212413194791e+02 1.290852431535068945e+02 1.222783709410621782e+02 1.237133784196357595e+02 1.164087625567766224e+02 1.226662137672798707e+02 1.220245876862528007e+02 1.282887368399891841e+02 1.295067565804966137e+02 1.156978824352459725e+02 1.242215762257104785e+02 1.171836166023220187e+02 1.290465032459229349e+02 1.293019721427326090e+02 1.230284519938375922e+02 1.234827923234650484e+02 1.215030863805524888e+02 1.238547536431282907e+02 1.223519513534622831e+02 1.195826074310139830e+02 1.255706972187381041e+02 1.262616331274073076e+02
1.226865925845200138e+02 1.291239714383042099e+02 1.316966210652346376e+02 1.309923661897898626e+02 1.263131030416084712e+02 1.318521899704361999e+02 1.299422948850758246e+02 1.316472559531720776e+02 1.305641604729261189e+02 1.310419780070493232e+02 1.289340916902895913e+02 1.237497474744898227e+02 1.223887249708893705e+02 1.336188609441047390e+02 1.320795215012531685e+02 1.321438610000479628e+02 1.317421724429956384e+02 1.338058294694218375e+02 1.293445012360401734e+02 0.000000000000000000e+00 1.241491039033306976e+02 1.267714478894991572e+02 1.258332229580089887e+02 1.326649916142160066e+02 1.321098028156881412e+02 1.282731460594929160e+02 1.295106173253760744e+02 1.251998402554891499e+02 1.287283962457390487e+02 1.289185789558665647e+02 1.332066064427737047e+02 1.334616049656229677e+02 1.262220266039172714e+02 1.297651725232930175e+02 1.253395388534679427e+02 1.321779104086609493e+02 1.328645927250748002e+02 1.287866452703850939e+02 1.307210771069455291e+02 1.293483668238606015e+02 1.305296901091855091e+02 1.295607965396940529e+02 1.273106437027163906e+02 1.283822417626363119e+02 1.309274608323250106e+02
1.137760959077081395e+02 1.134812759885964653e+02 1.188233983691764308e+02 1.183638458314024149e+02 1.107971118757163254e+02 1.232801687214938937e+02 1.170469991071962568e+02 1.207973509643319971e+02 1.185495676921683241e+02 1.213466109951159666e+02 1.161765897244363117e+02 1.126632149372633478e+02 1.086185987757161229e+02 1.285029182548007327e+02 1.214166380690883784e+02 1.225112239756015242e+02 1.204616121426240909e+02 1.274872542648871985e+02 1.180889495253472035e+02 1.241491039033306976e+02 0.000000000000000000e+00 1.154816002660164003e+02 1.092108053262130340e+02 1.243181402692302129e+02 1.269881884271131725e+02 1.155984428960874908e+02 1.191301808946834484e+02 1.086554186407654470e+02 1.159741350474320143e+02 1.143197270815496722e+02 1.230000000000000000e+02 1.239637043654310986e+02 1.108286966448672075e+02 1.195742447185011486e+02 1.099408932108521668e+02 1.217538500417953884e+02 1.229227399629539690e+02 1.152692500192484175e+02 1.164774656317693058e+02 1.143153532995459045e+02 1.180466009675839842e+02 1.154339638061519508e+02 1.111260545506768125e+02 1.193105192344748815e+02 1.210165277968261677e+02
1.201207725582881807e+02 1.219262071910711143e+02 1.260119041995636167e+02 1.251159462258908093e+02 1.191217864204529064e+02 1.272084902826851476e+02 1.231503146565204645e+02 1.255468040214485086e+02 1.247637767943885194e+02 1.271652468247516055e+02 1.225846646200086525e+02 1.188318139220301504e+02 1.167133240037314721e+02 1.328796447918190324e+02 1.266964877176948363e+02 1.268187683270895008e+02 1.262497524750048825e+02 1.310152662860324710e+02 1.252717047062104854e+02 1.267714478894991572e+02 1.154816002660164003e+02 0.000000000000000000e+00 1.167946916601948999e+02 1.280273408299961488e+02 1.301614382219250103e+02 1.232193166674771021e+02 1.261744823647000402e+02 1.174223147446855648e+02 1.223356039752941200e+02 1.224540730233176049e+02 1.280273408299961488e+02 1.296726648141388409e+02 1.188402288789448562e+02 1.249559922532729104e+02 1.178516016013359007e+02 1.264911064067351703e+02 1.280859086707042991e+02 1.226580612923586102e+02 1.227558552574988227e+02 1.219344085974094583e+02 1.243261838873855254e+02 1.231056456869464597e+02 1.195867885679684974e+02 1.246956294342347888e+02 1.264476176129862921e+02
1.168845584326689391e+02 1.175031914460198834e+02 1.216223663640861758e+02 1.210743573181373591e+02 1.153906408683130564e+02 1.250559874616165672e+02 1.193607975844665674e+02 1.228128657755367215e+02 1.211569230378520245e+02 1.242095004417939066e+02 1.189285499785480482e+02 1.160000000000000000e+02 1.131415043209166527e+02 1.311792666544526753e+02 1.235354200219515945e+02 1.243382483389564186e+02 1.224254875424231273e+02 1.292903708711518789e+02 1.216059209084820907e+02 1.258332229580089887e+02 1.092108053262130340e+02 1.167946916601948999e+02 0.000000000000000000e+00 1.256582667395981616e+02 1.283861363232027486e+02 1.188360214749719717e+02 1.213630915888351893e+02 1.127253298952813054e+02 1.182666478767365703e+02 1.176010204037362996e+02 1.244347218424182415e+02 1.260872713639247564e+02 1.144290172989351504e+02 1.227558552574988227e+02 1.135693620656557243e+02 1.240282225946981782e+02 1.248318869520123826e+02 1.184567431596867806e+02 1.201332593414496586e+02 1.168460525649026778e+02 1.211362868838235443e+02 1.189117319695579909e+02 1.147867588182539436e+02 1.214742771124817153e+02 1.240644993541665855e+02
1.263487237766966871e+02 1.272517190453630036e+02 1.307899078675415296e+02 1.302727907124123874e+02 1.255268895496100470e+02 1.120044641967453032e+02 1.034746345729232360e+02 1.088990358084037382e+02 9.930256794262673736e+01 1.320984481362290524e+02 1.271455858455180561e+02 1.260317420335051963e+02 1.249439874503771364e+02 1.362204096308625765e+02 9.515776374001229954e+01 9.640539403996022827e+01 9.373366524360390883e+01 1.059716943339116426e+02 1.302459212413194791e+02 1.326649916142160066e+02 1.243181402692302129e+02 1.280273408299961488e+02 1.256582667395981616e+02 0.000000000000000000e+00 1.343986607076127200e+02 1.288177006470772312e+02 1.302651142862124800e+02 1.242215762257104785e+02 1.283393937962931091e+02 1.267675037223656886e+02 1.325820500671188142e+02 1.331315139251409505e+02 1.264357544367889687e+02 1.309923661897898626e+02 1.240725594158515008e+02 9.582797086446106505e+01 9.802550688468792828e+01 1.280078122615959728e+02 1.287245120402481859e+02 1.262814317308764060e+02 1.300153837051600476e+02 1.292362178338564718e+02 1.254591567004975587e+02 1.298152533410461729e+02 1.320454467219525156e+02
1.280976190254916389e+02 1.278123624693636629e+02 1.299499903809153807e+02 1.288797889507893331e+02 1.239919352216102766e+02 1.339626813705966413e+02 1.308204876921042512e+02 1.326272973410828513e+02 1.319924240250174421e+02 1.282380598730345866e+02 1.290929897399545041e+02 1.282770439322640357e+02 1.261586303032812708e+02 1.328796447918190324e+02 1.333491657266741299e+02 1.333679121828035647e+02 1.325405598298121106e+02 1.353846372377604723e+02 1.290852431535068945e+02 1.321098028156881412e+02 1.269881884271131725e+02 1.301614382219250103e+02 1.283861363232027486e+02 1.343986607076127200e+02 0.000000000000000000e+00 1.250159989761310442e+02 1.255627333248205417e+02 1.210289221632581445e+02 1.256900950751490171e+02 1.265503852226456019e+02 1.309923661897898626e+02 1.316244658108818442e+02 1.239879026357007206e+02 1.279765603538398011e+02 1.227232659278590035e+02 1.331690654769342359e+02 1.344618905117728787e+02 1.274009419117456900e+02 1.283939250899356352e+02 1.268857754044952060e+02 1.290465032459229349e+02 1.260198397078809194e+02 1.247757989355307586e+02 1.291781715306421177e+02 1.292710331048684793e+02
1.196662024132127300e+02 1.160387866189577153e+02 1.204159457879229507e+02 1.198206993803658236e+02 1.131768527570898613e+02 1.276832017142427418e+02 1.228779882647823882e+02 1.252317851026647304e+02 1.246555253488588875e+02 1.192476414861107372e+02 1.183553970041079282e+02 1.205321533865549100e+02 1.168888360794135082e+02 1.270983870865401713e+02 1.261705195360627840e+02 1.265780391695178650e+02 1.256264303401159310e+02 1.318635658550154517e+02 1.222783709410621782e+02 1.282731460594929160e+02 1.155984428960874908e+02 1.232193166674771021e+02 1.188360214749719717e+02 1.288177006470772312e+02 1.250159989761310442e+02 0.000000000000000000e+00 1.174691448849441429e+02 1.063343782602785552e+02 1.173328598475295053e+02 1.146996076715173416e+02 1.231746727213025707e+02 1.239677377384938808e+02 1.125610945220416710e+02 1.197038011092379577e+02 1.117586685675880744e+02 1.268739531976520425e+02 1.276988645211851576e+02 1.166790469621688402e+02 1.183384975398961245e+02 1.165289663560095192e+02 1.193817406473871046e+02 1.156287161564980863e+02 1.123298713610943338e+02 1.233450444890268045e+02 1.224663219011659550e+02
1.211404143958571780e+02 1.192476414861107372e+02 1.231787319304757204e+02 1.224091499847948512e+02 1.162411286937631161e+02 1.293290377293513984e+02 1.248679302303037275e+02 1.278749389051662462e+02 1.268305956778568486e+02 1.216429200570259184e+02 1.210826164236633957e+02 1.223642104538741364e+02 1.201582290149118393e+02 1.282380598730345866e+02 1.285768252835634371e+02 1.286740066990998628e+02 1.278084504248447502e+02 1.322535443759447844e+02 1.237133784196357595e+02 1.295106173253760744e+02 1.191301808946834484e+02 1.261744823647000402e+02 1.213630915888351893e+02 1.302651142862124800e+02 1.255627333248205417e+02 1.174691448849441429e+02 0.000000000000000000e+00 1.119642800182272424e+02 1.187013058057913639e+02 1.179957626357828104e+02 1.254232833249074162e+02 1.268975965099418204e+02 1.161507640956356369e+02 1.217866987811066366e+02 1.148433715980160486e+02 1.283277055043064365e+02 1.289263355563943776e+02 1.204117934423368723e+02 1.203453364281308637e+02 1.191805353235166507e+02 1.224540730233176049e+02 1.192853721124262592e+02 1.162024096135704099e+02 1.242779143693681334e+02 1.239475695606815862e+02
1.137760959077081395e+02 1.092245393673051836e+02 1.145643923738959984e+02 1.135693620656557243e+02 1.051189802081431850e+02 1.240080642539024609e+02 1.172433366976563036e+02 1.208635594379050247e+02 1.190965994476752456e+02 1.127430707405115839e+02 1.110900535601635255e+02 1.144421251113417526e+02 1.106797181058932722e+02 1.233734169098027422e+02 1.211775556776088791e+02 1.221924711264978072e+02 1.201207725582881807e+02 1.287672318565558101e+02 1.164087625567766224e+02 1.251998402554891499e+02 1.086554186407654470e+02 1.174223147446855648e+02 1.127253298952813054e+02 1.242215762257104785e+02 1.210289221632581445e+02 1.063343782602785552e+02 1.119642800182272424e+02 0.000000000000000000e+00 1.097633818720979519e+02 1.061838029079765136e+02 1.168631678502683684e+02 1.190756062340225867e+02 1.056361680486375860e+02 1.130044246921331847e+02 1.033489235551101473e+02 1.216634702776474342e+02 1.230609605033212830e+02 1.102950588195137556e+02 1.110900535601635255e+02 1.088668912020546315e+02 1.131768527570898613e+02 1.076986536591799677e+02 1.039663407069807448e+02 1.172817121293852836e+02 1.168546105209375128e+02
1.195198728245642030e+02 1.098635517357781453e+02 1.155984428960874908e+02 1.145163743750211438e+02 1.137013632284151612e+02 1.278436545159751034e+02 1.221310771261762085e+02 1.251718818265508020e+02 1.237820665524695443e+02 1.221842870421561145e+02 1.142322196230117868e+02 1.194612908016651289e+02 1.159310139695155044e+02 1.286662348870129904e+02 1.255149393498638517e+02 1.256702033100925604e+02 1.243503116200357539e+02 1.313506756739378147e+02 1.226662137672798707e+02 1.287283962457390487e+02 1.159741350474320143e+02 1.223356039752941200e+02 1.182666478767365703e+02 1.283393937962931091e+02 1.256900950751490171e+02 1.173328598475295053e+02 1.187013058057913639e+02 1.097633818720979519e+02 0.000000000000000000e+00 1.104581368664164955e+02 1.196787366243477635e+02 1.211404143958571780e+02 1.123165170400150856e+02 1.205902151917807998e+02 1.117452459838896175e+02 1.257457752769451957e+02 1.269172959056408558e+02 1.097770467811919275e+02 1.138112472473612797e+02 1.111395519155984317e+02 1.147475489934316641e+02 1.141796829562948119e+02 1.042928568982555078e+02 1.215771360083794690e+02 1.168802806293687837e+02
1.181524439019354418e+02 1.021518477561713070e+02 1.103177229641729014e+02 1.088255484709358143e+02 1.113058848399310818e+02 1.268266533501534923e+02 1.199874993488905091e+02 1.242537725785418559e+02 1.219139040470774233e+02 1.195073219514185183e+02 1.113552872566004339e+02 1.190882026063035397e+02 1.147214016650772948e+02 1.265306287030930719e+02 1.238749369323754621e+02 1.241772926102030965e+02 1.224173190361559875e+02 1.315826736314473919e+02 1.220245876862528007e+02 1.289185789558665647e+02 1.143197270815496722e+02 1.224540730233176049e+02 1.176010204037362996e+02 1.267675037223656886e+02 1.265503852226456019e+02 1.146996076715173416e+02 1.179957626357828104e+02 1.061838029079765136e+02 1.104581368664164955e+02 0.000000000000000000e+00 1.045944549199430611e+02 1.006081507632458170e+02 1.106435718873898253e+02 1.200208315251981617e+02 1.097998178504864342e+02 1.241571584726390256e+02 1.255029880122381769e+02 1.088760763437037156e+02 1.076104084185168404e+02 1.042640877771440557e+02 1.089770618066022223e+02 1.120981712607302114e+02 1.044126429126281579e+02 1.223519513534622831e+02 1.179830496300210001e+02
1.253554944946570799e+02 1.133887119602299691e+02 1.195742447185011486e+02 1.177667185583431291e+02 1.207435298473587011e+02 1.319810592471510802e+02 1.275186260904657019e+02 1.297651725232930175e+02 1.290542521577650348e+02 1.269409311451590128e+02 1.203328716519305885e+02 1.256980508997653487e+02 1.241410488114225643e+02 1.307210771069455291e+02 1.306636904422954046e+02 1.309580085370879488e+02 1.296302433847904183e+02 1.357645019878171126e+02 1.282887368399891841e+02 1.332066064427737047e+02 1.230000000000000000e+02 1.280273408299961488e+02 1.244347218424182415e+02 1.325820500671188142e+02 1.309923661897898626e+02 1.231746727213025707e+02 1.254232833249074162e+02 1.168631678502683684e+02 1.196787366243477635e+02 1.045944549199430611e+02 0.000000000000000000e+00 1.170726270312578237e+02 1.198081800212322747e+02 1.263131030416084712e+02 1.198415620725965027e+02 1.310228987620102998e+02 1.319052690380486581e+02 1.181609072409314223e+02 1.173541648174448113e+02 1.146167527022119117e+02 1.182708755357801493e+02 1.211610498468876784e+02 1.151607572048742583e+02 1.283744522870497065e+02 1.243060738660826701e+02
1.264199351368287978e+02 1.164259421263147800e+02 1.224989795875867742e+02 1.205611877844607136e+02 1.221269830954650217e+02 1.321930406640228455e+02 1.285651585772755254e+02 1.307554970163778592e+02 1.302036865837523010e+02 1.283900307656322752e+02 1.237335847698594762e+02 1.268778940556628214e+02 1.250879690457879292e+02 1.313392553656369728e+02 1.315940728148498238e+02 1.316814337710521841e+02 1.305143670252436152e+02 1.351221669453239542e+02 1.295067565804966137e+02 1.334616049656229677e+02 1.239637043654310986e+02 1.296726648141388409e+02 1.260872713639247564e+02 1.331315139251409505e+02 1.316244658108818442e+02 1.239677377384938808e+02 1.268975965099418204e+02 1.190756062340225867e+02 1.211404143958571780e+02 1.006081507632458170e+02 1.170726270312578237e+02 0.000000000000000000e+00 1.213589716502245182e+02 1.273773920285699717e+02 1.217374223482656106e+02 1.309007257428315540e+02 1.323971298782568056e+02 1.211610498468876784e+02 1.203661081866486171e+02 1.176137747034759542e+02 1.205404496424333018e+02 1.232963908636420740e+02 1.176605286406618234e+02 1.289496025585189614e+02 1.268700122172296432e+02
1.154729405531876125e+02 1.110000000000000000e+02 1.177624728001242289e+02 1.158663022625646732e+02 1.094577544078079399e+02 1.250000000000000000e+02 1.190588089979065813e+02 1.225765067213126258e+02 1.215853609609314816e+02 1.190714071471400786e+02 1.128804677523972657e+02 1.164130576868419809e+02 1.133710721480572374e+02 1.273970172335286719e+02 1.232761128524094829e+02 1.241692393469493680e+02 1.225561095988282432e+02 1.303917175283767733e+02 1.156978824352459725e+02 1.262220266039172714e+02 1.108286966448672075e+02 1.188402288789448562e+02 1.144290172989351504e+02 1.264357544367889687e+02 1.239879026357007206e+02 1.125610945220416710e+02 1.161507640956356369e+02 1.056361680486375860e+02 1.123165170400150856e+02 1.106435718873898253e+02 1.198081800212322747e+02 1.213589716502245182e+02 0.000000000000000000e+00 1.172476012547804771e+02 1.071727577325506786e+02 1.235111331014334155e+02 1.246154083570727664e+02 1.131459234793724278e+02 1.134636505670428335e+02 1.111440506729892377e+02 1.154989177438472865e+02 1.136133794937902479e+02 1.074337004854621966e+02 1.184651847590675118e+02 1.192140931266098249e+02
1.225683482796435442e+02 1.205404496424333018e+02 1.247517534946904050e+02 1.245632369521601674e+02 1.158360910942699178e+02 1.297536126664687401e+02 1.263249777359964554e+02 1.283978192961235720e+02 1.282965315197569964e+02 1.221433583949614530e+02 1.224622390780113079e+02 1.230975223146266302e+02 1.201499063670047178e+02 1.306483830745715693e+02 1.293445012360401734e+02 1.294720046959959632e+02 1.289612344854064929e+02 1.334428716717382315e+02 1.242215762257104785e+02 1.297651725232930175e+02 1.195742447185011486e+02 1.249559922532729104e+02 1.227558552574988227e+02 1.309923661897898626e+02 1.279765603538398011e+02 1.197038011092379577e+02 1.217866987811066366e+02 1.130044246921331847e+02 1.205902151917807998e+02 1.200208315251981617e+02 1.263131030416084712e+02 1.273773920285699717e+02 1.172476012547804771e+02 0.000000000000000000e+00 1.157454102761746668e+02 1.296919426949878016e+02 1.297767313504235176e+02 1.216593605112241221e+02 1.225357090810674663e+02 1.205653349848122815e+02 1.234706442843804126e+02 1.207435298473587011e+02 1.180211845390479084e+02 1.250000000000000000e+02 1.256383699353028049e+02
1.138771267638940685e+02 1.115930105338143505e+02 1.163872845288522058e+02 1.151043005278256288e+02 1.058158778255890979e+02 1.235192292722068430e+02 1.176817742898194012e+02 1.211734294307130710e+02 1.193607975844665674e+02 1.172092146548213947e+02 1.126676528556444197e+02 1.145687566485732560e+02 1.114585124609152444e+02 1.268857754044952060e+02 1.216757987440394828e+02 1.220983210367775627e+02 1.202497401244593078e+02 1.281717597600969327e+02 1.171836166023220187e+02 1.253395388534679427e+02 1.099408932108521668e+02 1.178516016013359007e+02 1.135693620656557243e+02 1.240725594158515008e+02 1.227232659278590035e+02 1.117586685675880744e+02 1.148433715980160486e+02 1.033489235551101473e+02 1.117452459838896175e+02 1.097998178504864342e+02 1.198415620725965027e+02 1.217374223482656106e+02 1.071727577325506786e+02 1.157454102761746668e+02 0.000000000000000000e+00 1.213466109951159666e+02 1.229756073373902865e+02 1.124366488294630670e+02 1.140000000000000000e+02 1.104490832918046408e+02 1.155595084793977492e+02 1.124899995555160501e+02 1.067988763985839000e+02 1.161206269359582848e+02 1.187939392393399771e+02
