0.000000000000000000e+00 9.519978991573458416e+01 1.088485185935022201e+02 1.059292216529508863e+02 1.043072384832423865e+02 1.234301421857724392e+02 1.098817546274175641e+02 1.086047881080756099e+02 1.090962877461923597e+02 1.076615065842940879e+02 1.038893642294532498e+02 9.760122950045250434e+01 1.120446339634344071e+02 1.146560072564887491e+02 1.013706071797934953e+02 1.141577855426426851e+02 1.048188914270705254e+02 1.061084351029643642e+02 1.051807967263986825e+02 1.208470107201663524e+02 1.163700992523423139e+02 1.178558441486887034e+02 1.200166655094199797e+02 1.117720895393836713e+02 1.086968260806174555e+02 1.154859298789250772e+02 1.186718163676616200e+02 1.249279792520474643e+02 1.246715685310808936e+02 1.254671271688325476e+02 1.039278595950094655e+02 1.176137747034759542e+02 1.140570032922134942e+02 1.169487067051192355e+02 1.189579757729594149e+02 1.336749789601629175e+02 1.148259552540278179e+02 1.246314567033539902e+02 1.056645635963164267e+02
9.519978991573458416e+01 0.000000000000000000e+00 1.197288603470357913e+02 1.166190378969060077e+02 1.150869236707628716e+02 1.297304898626379099e+02 1.197873115150348440e+02 1.190714071471400786e+02 1.195533353779809858e+02 1.183384975398961245e+02 1.121873433146538162e+02 1.048856520216182844e+02 1.225193862211201292e+02 1.238184154316311663e+02 1.141271221051332674e+02 1.228210079750202937e+02 1.168588892639323404e+02 1.167047556871612670e+02 1.162153174069580217e+02 1.280039061903971742e+02 1.248719343968051163e+02 1.260277747165282562e+02 1.270393639782567590e+02 1.216141439142668190e+02 1.194319890146689289e+02 1.244025723206718936e+02 1.267122724916572594e+02 1.308816259067712053e+02 1.299461426899621301e+02 1.309007257428315540e+02 1.156805947425928451e+02 1.252836781069266010e+02 1.234989878501034468e+02 1.245311206084647750e+02 1.269803134347998110e+02 1.368722031677725397e+02 1.232963908636420740e+02 1.301307035253402375e+02 1.168760026694958469e+02
1.088485185935022201e+02 1.197288603470357913e+02 0.000000000000000000e+00 9.721625378505386550e+01 9.471008394041260203e+01 1.244789138770097026e+02 1.108151614175605459e+02 1.093572128393916216e+02 1.086646216576489934e+02 1.047807234180027933e+02 1.251918527700584889e+02 1.207393887677091016e+02 1.136573798747797923e+02 1.153776408148476520e+02 1.155248890932166148e+02 1.240886779686204875e+02 1.177072640069422391e+02 1.072147377928986032e+02 1.066348911004273532e+02 1.208304597359457233e+02 1.163615056623108472e+02 1.228657804272613561e+02 1.241209087946104290e+02 1.179449023909045451e+02 1.099499886311954100e+02 1.160732527329186183e+02 1.189831920903116469e+02 1.286429166336024821e+02 1.280741972451906463e+02 1.287788802560419867e+02 1.051142235855833178e+02 1.183511723642820499e+02 1.194864008998513611e+02 1.206358155772986009e+02 1.172305420954795352e+02 1.314952470623938439e+02 1.157108465097373653e+02 1.246956294342347888e+02 1.072613630344123550e+02
1.059292216529508863e+02 1.166190378969060077e+02 9.721625378505386550e+01 0.000000000000000000e+00 8.983874442577656794e+01 1.223029026638370453e+02 1.080416586322146344e+02 1.068176015458126642e+02 1.063249735480804219e+02 1.020686043796034284e+02 1.229227399629539690e+02 1.190084030646575854e+02 1.109008566242840175e+02 1.135649593844862011e+02 1.126632149372633478e+02 1.224785695540244319e+02 1.156633044660232770e+02 1.045562049808618497e+02 1.040961094373848397e+02 1.181397477566293048e+02 1.137409337046254478e+02 1.208842421492561670e+02 1.228942634950875146e+02 1.154382952057071918e+02 1.072380529476360778e+02 1.141928193889615812e+02 1.162325255683623197e+02 1.272792206135785591e+02 1.260872713639247564e+02 1.272988609532701219e+02 1.025865488258572782e+02 1.155422000829134248e+02 1.168417733518282375e+02 1.194236157550088535e+02 1.151260179108093666e+02 1.306828221305309796e+02 1.130840395458174328e+02 1.228250788723540836e+02 1.045657687773584854e+02
1.043072384832423865e+02 1.150869236707628716e+02 9.471008394041260203e+01 8.983874442577656794e+01 0.000000000000000000e+00 1.209834699452780598e+02 1.064236815751080911e+02 1.057118725593298763e+02 1.041537325303322916e+02 9.977474630386187471e+01 1.220450736408479600e+02 1.174904251417961234e+02 1.092428487361987521e+02 1.118391702401265206e+02 1.112115101956627541e+02 1.211445417672624671e+02 1.141008325999420521e+02 1.026791117998203191e+02 1.007323185477232954e+02 1.174393460472255839e+02 1.126854027813718204e+02 1.197413879993045640e+02 1.213177645689204098e+02 1.133710721480572374e+02 1.052663288996058810e+02 1.121115515903691318e+02 1.151650988798255639e+02 1.260277747165282562e+02 1.245833054626501735e+02 1.258650070512054526e+02 1.003742994994236568e+02 1.146342008302932243e+02 1.148607853011636024e+02 1.178516016013359007e+02 1.132121901563608191e+02 1.300499903883118407e+02 1.113058848399310818e+02 1.214207560510146067e+02 1.022692524662227100e+02
1.234301421857724392e+02 1.297304898626379099e+02 1.244789138770097026e+02 1.223029026638370453e+02 1.209834699452780598e+02 0.000000000000000000e+00 9.881801455200361772e+01 9.769339793455850440e+01 1.150347773501561619e+02 1.220000000000000000e+02 1.336712384920555792e+02 1.313202193114221075e+02 1.074941858892842674e+02 1.099045040023383280e+02 1.285184811612711258e+02 1.338245119550226434e+02 1.297381979218148444e+02 1.213095214729659972e+02 1.205487453273570964e+02 1.182666478767365703e+02 1.149130105775668937e+02 1.327591804735175458e+02 1.340932511351708456e+02 1.291820420956411510e+02 9.914635646356350662e+01 1.124188596277332834e+02 1.144377560073597380e+02 1.367845020461016929e+02 1.358307770720612382e+02 1.366491858739011889e+02 9.499473669630333461e+01 1.085633455637767213e+02 1.311716432770436995e+02 1.324009063413087119e+02 1.286778924291193107e+02 1.368210510118965715e+02 1.052140675005010877e+02 1.131635983874673315e+02 9.664367542679654832e+01
1.098817546274175641e+02 1.197873115150348440e+02 1.108151614175605459e+02 1.080416586322146344e+02 1.064236815751080911e+02 9.881801455200361772e+01 0.000000000000000000e+00 7.083078426785912995e+01 9.926731586982695887e+01 1.065692263273033262e+02 1.254232833249074162e+02 1.224091499847948512e+02 8.698275691193053660e+01 9.117017056033185440e+01 1.158447236605966424e+02 1.244266852407472896e+02 1.180042372120594649e+02 1.079768493705942518e+02 1.065973733259877321e+02 1.053565375285273831e+02 1.000199980003998945e+02 1.235799336462032585e+02 1.260476100527098424e+02 1.184947256210165705e+02 7.673982017179868365e+01 9.697937925146767668e+01 9.984487968844472050e+01 1.292710331048684793e+02 1.288138191344391430e+02 1.293445012360401734e+02 6.825686778632608309e+01 9.184225606985054924e+01 1.200624837324299250e+02 1.225928219758400104e+02 1.188318139220301504e+02 1.328495389529071815e+02 8.606392972668631103e+01 1.018675610780978644e+02 7.238093671679028773e+01
1.086047881080756099e+02 1.190714071471400786e+02 1.093572128393916216e+02 1.068176015458126642e+02 1.057118725593298763e+02 9.769339793455850440e+01 7.083078426785912995e+01 0.000000000000000000e+00 9.733961166965892176e+01 1.054703749874816765e+02 1.250119994240552899e+02 1.214866247782034634e+02 8.557452892070163841e+01 8.958236433584458780e+01 1.144421251113417526e+02 1.240443469086761752e+02 1.168674462799628344e+02 1.062826420446913858e+02 1.052235715037272428e+02 1.042449039521836767e+02 9.879777325425912693e+01 1.225030611862413821e+02 1.251119498689074021e+02 1.172262769177627746e+02 7.420242583635659628e+01 9.456214887575261230e+01 9.794896630388704750e+01 1.295299193236836572e+02 1.279296681774794564e+02 1.291007358615743783e+02 6.477653896280658330e+01 8.983317872590282605e+01 1.189201412713590713e+02 1.217866987811066366e+02 1.180084742719776045e+02 1.323404700006766745e+02 8.439194274336857404e+01 1.014001972384669443e+02 6.975672010638115239e+01
1.090962877461923597e+02 1.195533353779809858e+02 1.086646216576489934e+02 1.063249735480804219e+02 1.041537325303322916e+02 1.150347773501561619e+02 9.926731586982695887e+01 9.733961166965892176e+01 0.000000000000000000e+00 1.055604092451331866e+02 1.254472000484666125e+02 1.213672113875901886e+02 1.012719112093773077e+02 1.046422476822817487e+02 1.150825790465264191e+02 1.246916196061307147e+02 1.179109833730513799e+02 1.046087950413348437e+02 1.042736783661150071e+02 1.086185987757161229e+02 1.038749247893831154e+02 1.236122971228995482e+02 1.246755790040696041e+02 1.176477794095579128e+02 9.793365100924197009e+01 1.031552228440227879e+02 1.070934171646418207e+02 1.287594656714604469e+02 1.288914271780710692e+02 1.293290377293513984e+02 9.182047701901792891e+01 1.082912738866802727e+02 1.200374941424553441e+02 1.215935853571231746e+02 1.166490462884287780e+02 1.316016717219048076e+02 1.047234453214751682e+02 1.162196196861786319e+02 9.376033276391461868e+01
1.076615065842940879e+02 1.183384975398961245e+02 1.047807234180027933e+02 1.020686043796034284e+02 9.977474630386187471e+01 1.220000000000000000e+02 1.065692263273033262e+02 1.054703749874816765e+02 1.055604092451331866e+02 0.000000000000000000e+00 1.252198067399882291e+02 1.209586706276156178e+02 1.101498978664982644e+02 1.126809655620681951e+02 1.139692941102997281e+02 1.244548110761492410e+02 1.170213655705657914e+02 1.054039847444108773e+02 1.044126429126281579e+02 1.177921898938974579e+02 1.121293895461845409e+02 1.227477087362529886e+02 1.247277034182863531e+02 1.172262769177627746e+02 1.058489489791939349e+02 1.128361644154922487e+02 1.156805947425928451e+02 1.292749008895384861e+02 1.282185633985968423e+02 1.291162267106656145e+02 1.005783276854412662e+02 1.155335449122894289e+02 1.186844555954991165e+02 1.211693030433038416e+02 1.028882889351358614e+02 1.220245876862528007e+02 1.118302284715541504e+02 1.228820572744450743e+02 1.028980077552524790e+02
1.038893642294532498e+02 1.121873433146538162e+02 1.251918527700584889e+02 1.229227399629539690e+02 1.220450736408479600e+02 1.336712384920555792e+02 1.254232833249074162e+02 1.250119994240552899e+02 1.254472000484666125e+02 1.252198067399882291e+02 0.000000000000000000e+00 1.124944443072634641e+02 1.279257597202377355e+02 1.291472028345949070e+02 1.208097678170105524e+02 1.280507711808093632e+02 1.230121945174542475e+02 1.228657804272613561e+02 1.222292927247801799e+02 1.316016717219048076e+02 1.296880873480675689e+02 1.303418582037251667e+02 1.316016717219048076e+02 1.269645619848310218e+02 1.252517464948094101e+02 1.287478155154486501e+02 1.307516730294492220e+02 1.337460279784039017e+02 1.346179779969971264e+02 1.343465667592588773e+02 1.219508097554091677e+02 1.295685146939641470e+02 1.285612694399055727e+02 1.298922630490361314e+02 1.308663440308469887e+02 1.395134402127623048e+02 1.278045382605797755e+02 1.333041634758644705e+02 1.236527395571970374e+02
9.760122950045250434e+01 1.048856520216182844e+02 1.207393887677091016e+02 1.190084030646575854e+02 1.174904251417961234e+02 1.313202193114221075e+02 1.224091499847948512e+02 1.214866247782034634e+02 1.213672113875901886e+02 1.209586706276156178e+02 1.124944443072634641e+02 0.000000000000000000e+00 1.247477454706096012e+02 1.264120247444838583e+02 1.163013327524667773e+02 1.248759384349122712e+02 1.181736011129389254e+02 1.186633894678556658e+02 1.182666478767365703e+02 1.297227813454522050e+02 1.263566381319161280e+02 1.271062547634851825e+02 1.288021738946979156e+02 1.229918696499894679e+02 1.209917352549338432e+02 1.256781603939204643e+02 1.282146637479504534e+02 1.315636727976229849e+02 1.318597740025365113e+02 1.323480260525256256e+02 1.181566756472100508e+02 1.271573827978540976e+02 1.248639259353957698e+02 1.264634334501479458e+02 1.286118190525272098e+02 1.380977914378068476e+02 1.251838647749780904e+02 1.316396596774695524e+02 1.192350619574628325e+02
1.120446339634344071e+02 1.225193862211201292e+02 1.136573798747797923e+02 1.109008566242840175e+02 1.092428487361987521e+02 1.074941858892842674e+02 8.698275691193053660e+01 8.557452892070163841e+01 1.012719112093773077e+02 1.101498978664982644e+02 1.279257597202377355e+02 1.247477454706096012e+02 0.000000000000000000e+00 7.293833011524188237e+01 1.182201336490531958e+02 1.273577637994637541e+02 1.206855418018247974e+02 1.103403824535695605e+02 1.082081327812285991e+02 1.075267408601227856e+02 1.014889156509221948e+02 1.250439922587246855e+02 1.270905189225380383e+02 1.202871564216230098e+02 8.628441342444185125e+01 9.669022701390250063e+01 1.006031808642251661e+02 1.311297067792039286e+02 1.301575967817476283e+02 1.310114498812985460e+02 7.924014134263012465e+01 1.004937809021035946e+02 1.218154341616857721e+02 1.235273249123447954e+02 1.208759694893902434e+02 1.351184665395518891e+02 9.450396817065407618e+01 1.089449402221140275e+02 8.220097323024830871e+01
1.146560072564887491e+02 1.238184154316311663e+02 1.153776408148476520e+02 1.135649593844862011e+02 1.118391702401265206e+02 1.099045040023383280e+02 9.117017056033185440e+01 8.958236433584458780e+01 1.046422476822817487e+02 1.126809655620681951e+02 1.291472028345949070e+02 1.264120247444838583e+02 7.293833011524188237e+01 0.000000000000000000e+00 1.199166377113701429e+02 1.290116273829611089e+02 1.223968953854631110e+02 1.127696767752750162e+02 1.114943944779287932e+02 1.096448813214734628e+02 1.037786105129568597e+02 1.262220266039172714e+02 1.281873628716965356e+02 1.218236430254817151e+02 9.018314698434514298e+01 9.947361459201128753e+01 1.034649699173589852e+02 1.321930406640228455e+02 1.306942997991878883e+02 1.312630945848832198e+02 8.423182296495784271e+01 1.028639878674747905e+02 1.236406082159093813e+02 1.248879497789918815e+02 1.219959015705035910e+02 1.350222203935337575e+02 9.696906723280368112e+01 1.113238518916768385e+02 8.680437776978762088e+01
1.013706071797934953e+02 1.141271221051332674e+02 1.155248890932166148e+02 1.126632149372633478e+02 1.112115101956627541e+02 1.285184811612711258e+02 1.158447236605966424e+02 1.144421251113417526e+02 1.150825790465264191e+02 1.139692941102997281e+02 1.208097678170105524e+02 1.163013327524667773e+02 1.182201336490531958e+02 1.199166377113701429e+02 0.000000000000000000e+00 9.272540105062905980e+01 7.481310045707235190e+01 1.128228700219951008e+02 1.109909906253656260e+02 1.260000000000000000e+02 1.213342490807933416e+02 1.236608264568856868e+02 1.259444321913438074e+02 1.178516016013359007e+02 1.147736903649960993e+02 1.214042832852284448e+02 1.239152936485242691e+02 1.309694620894504453e+02 1.291781715306421177e+02 1.301998463900783634e+02 1.101952812056850348e+02 1.224459064240205635e+02 1.208759694893902434e+02 1.225520297669524581e+02 1.242618203632958256e+02 1.378005805503010208e+02 1.200124993490261431e+02 1.288371064561758885e+02 1.117452459838896175e+02
1.141577855426426851e+02 1.228210079750202937e+02 1.240886779686204875e+02 1.224785695540244319e+02 1.211445417672624671e+02 1.338245119550226434e+02 1.244266852407472896e+02 1.240443469086761752e+02 1.246916196061307147e+02 1.244548110761492410e+02 1.280507711808093632e+02 1.248759384349122712e+02 1.273577637994637541e+02 1.290116273829611089e+02 9.272540105062905980e+01 0.000000000000000000e+00 9.367496997597596931e+01 1.215030863805524888e+02 1.206606812511847266e+02 1.326272973410828513e+02 1.285379321445618928e+02 1.313468690148341409e+02 1.324688642662871132e+02 1.269685000305193796e+02 1.240120961842029317e+02 1.291394595001852963e+02 1.302804666862995191e+02 1.356723995512720364e+02 1.338842783899588369e+02 1.351665639128257226e+02 1.210165277968261677e+02 1.294951736552370392e+02 1.290620006043606907e+02 1.306254186596161730e+02 1.312288078129188875e+02 1.402319507102429270e+02 1.272988609532701219e+02 1.332779051456016930e+02 1.219467096727090905e+02
1.048188914270705254e+02 1.168588892639323404e+02 1.177072640069422391e+02 1.156633044660232770e+02 1.141008325999420521e+02 1.297381979218148444e+02 1.180042372120594649e+02 1.168674462799628344e+02 1.179109833730513799e+02 1.170213655705657914e+02 1.230121945174542475e+02 1.181736011129389254e+02 1.206855418018247974e+02 1.223968953854631110e+02 7.481310045707235190e+01 9.367496997597596931e+01 0.000000000000000000e+00 1.150825790465264191e+02 1.138332113225309996e+02 1.275735082217307337e+02 1.236567830731496969e+02 1.256542876307848076e+02 1.281132311668080490e+02 1.205819223598628867e+02 1.173371211509810337e+02 1.233126108717190306e+02 1.258650070512054526e+02 1.318863146804853272e+02 1.309580085370879488e+02 1.317990895264455276e+02 1.127475055156432262e+02 1.250679815140549920e+02 1.230447073221761940e+02 1.246835995630540026e+02 1.267675037223656886e+02 1.390611376337760419e+02 1.222783709410621782e+02 1.300692123448127973e+02 1.142803570172932268e+02
1.061084351029643642e+02 1.167047556871612670e+02 1.072147377928986032e+02 1.045562049808618497e+02 1.026791117998203191e+02 1.213095214729659972e+02 1.079768493705942518e+02 1.062826420446913858e+02 1.046087950413348437e+02 1.054039847444108773e+02 1.228657804272613561e+02 1.186633894678556658e+02 1.103403824535695605e+02 1.127696767752750162e+02 1.128228700219951008e+02 1.215030863805524888e+02 1.150825790465264191e+02 0.000000000000000000e+00 9.425497334358543355e+01 1.161335438191739655e+02 1.129468901740990816e+02 1.215606844337428072e+02 1.231300125883206391e+02 1.156373642037901135e+02 1.067333125130106737e+02 1.130044246921331847e+02 1.148564321228898422e+02 1.272399308393398911e+02 1.263962024745996899e+02 1.269921257401418586e+02 1.022056749892098679e+02 1.150391237796950605e+02 1.183891886955899366e+02 1.200999583680194291e+02 1.166961867414698304e+02 1.307363759632337405e+02 1.117049685555660545e+02 1.215647975361288502e+02 1.041633332799982981e+02
1.051807967263986825e+02 1.162153174069580217e+02 1.066348911004273532e+02 1.040961094373848397e+02 1.007323185477232954e+02 1.205487453273570964e+02 1.065973733259877321e+02 1.052235715037272428e+02 1.042736783661150071e+02 1.044126429126281579e+02 1.222292927247801799e+02 1.182666478767365703e+02 1.082081327812285991e+02 1.114943944779287932e+02 1.109909906253656260e+02 1.206606812511847266e+02 1.138332113225309996e+02 9.425497334358543355e+01 0.000000000000000000e+00 1.161163209889118093e+02 1.121383074600290257e+02 1.208263216356436089e+02 1.234301421857724392e+02 1.151260179108093666e+02 1.047854951794378877e+02 1.117944542452799794e+02 1.142015761712595605e+02 1.272320714285513787e+02 1.263487237766966871e+02 1.272674349549011623e+02 1.003095209838029263e+02 1.141490254010081316e+02 1.176520293067654706e+02 1.201665510863984139e+02 1.164989270336855895e+02 1.295685146939641470e+02 1.110315270542560739e+02 1.215318888193547338e+02 1.023523326553918906e+02
1.208470107201663524e+02 1.280039061903971742e+02 1.208304597359457233e+02 1.181397477566293048e+02 1.174393460472255839e+02 1.182666478767365703e+02 1.053565375285273831e+02 1.042449039521836767e+02 1.086185987757161229e+02 1.177921898938974579e+02 1.316016717219048076e+02 1.297227813454522050e+02 1.075267408601227856e+02 1.096448813214734628e+02 1.260000000000000000e+02 1.326272973410828513e+02 1.275735082217307337e+02 1.161335438191739655e+02 1.161163209889118093e+02 0.000000000000000000e+00 1.084343119127889281e+02 1.305296901091855091e+02 1.331915913261794344e+02 1.271731103653598609e+02 1.052853266129710903e+02 1.087704003853989718e+02 1.109279045145990352e+02 1.343093444254717497e+02 1.346736796853787723e+02 1.350481395651195271e+02 1.002546757014354881e+02 1.117541945521509206e+02 1.283627671873740894e+02 1.305181979648815229e+02 1.258451429336865601e+02 1.361506518530117091e+02 1.098407938791412732e+02 1.184778460303866296e+02 1.018086440337950904e+02
1.163700992523423139e+02 1.248719343968051163e+02 1.163615056623108472e+02 1.137409337046254478e+02 1.126854027813718204e+02 1.149130105775668937e+02 1.000199980003998945e+02 9.879777325425912693e+01 1.038749247893831154e+02 1.121293895461845409e+02 1.296880873480675689e+02 1.263566381319161280e+02 1.014889156509221948e+02 1.037786105129568597e+02 1.213342490807933416e+02 1.285379321445618928e+02 1.236567830731496969e+02 1.129468901740990816e+02 1.121383074600290257e+02 1.084343119127889281e+02 0.000000000000000000e+00 1.271534506020186654e+02 1.294758664771161136e+02 1.234058345460213673e+02 9.908077512817509103e+01 1.041393297462586958e+02 1.067192578684840782e+02 1.330075185844770260e+02 1.319052690380486581e+02 1.324160111164809166e+02 9.376033276391461868e+01 1.085955800205514805e+02 1.256383699353028049e+02 1.269527471148222162e+02 1.228617108785320511e+02 1.341156217597338696e+02 1.045705503476002605e+02 1.158145068633459260e+02 9.593226777263215865e+01
1.178558441486887034e+02 1.260277747165282562e+02 1.228657804272613561e+02 1.208842421492561670e+02 1.197413879993045640e+02 1.327591804735175458e+02 1.235799336462032585e+02 1.225030611862413821e+02 1.236122971228995482e+02 1.227477087362529886e+02 1.303418582037251667e+02 1.271062547634851825e+02 1.250439922587246855e+02 1.262220266039172714e+02 1.236608264568856868e+02 1.313468690148341409e+02 1.256542876307848076e+02 1.215606844337428072e+02 1.208263216356436089e+02 1.305296901091855091e+02 1.271534506020186654e+02 0.000000000000000000e+00 1.122497216032182479e+02 1.062497058819458573e+02 1.223968953854631110e+02 1.268266533501534923e+02 1.289379695822762812e+02 1.251199424552297330e+02 1.232517748350911120e+02 1.240806189539687949e+02 1.190924011009938397e+02 1.287827628217379186e+02 1.146952483758590517e+02 1.166661904752186558e+02 1.299499903809153807e+02 1.397962803510880292e+02 1.255826421126741508e+02 1.325933633331623298e+02 1.202538980657176069e+02
1.200166655094199797e+02 1.270393639782567590e+02 1.241209087946104290e+02 1.228942634950875146e+02 1.213177645689204098e+02 1.340932511351708456e+02 1.260476100527098424e+02 1.251119498689074021e+02 1.246755790040696041e+02 1.247277034182863531e+02 1.316016717219048076e+02 1.288021738946979156e+02 1.270905189225380383e+02 1.281873628716965356e+02 1.259444321913438074e+02 1.324688642662871132e+02 1.281132311668080490e+02 1.231300125883206391e+02 1.234301421857724392e+02 1.331915913261794344e+02 1.294758664771161136e+02 1.122497216032182479e+02 0.000000000000000000e+00 1.105848090833456183e+02 1.249839989758689001e+02 1.294102005253063510e+02 1.314115672229808069e+02 1.268108828137396102e+02 1.252397700413091570e+02 1.254910355364079351e+02 1.221761024095956287e+02 1.309847319346800703e+02 1.166576186967657947e+02 1.180466009675839842e+02 1.311907008899640061e+02 1.412763249805146870e+02 1.287283962457390487e+02 1.338618691039386306e+02 1.235677951571525028e+02
1.117720895393836713e+02 1.216141439142668190e+02 1.179449023909045451e+02 1.154382952057071918e+02 1.133710721480572374e+02 1.291820420956411510e+02 1.184947256210165705e+02 1.172262769177627746e+02 1.176477794095579128e+02 1.172262769177627746e+02 1.269645619848310218e+02 1.229918696499894679e+02 1.202871564216230098e+02 1.218236430254817151e+02 1.178516016013359007e+02 1.269685000305193796e+02 1.205819223598628867e+02 1.156373642037901135e+02 1.151260179108093666e+02 1.271731103653598609e+02 1.234058345460213673e+02 1.062497058819458573e+02 1.105848090833456183e+02 0.000000000000000000e+00 1.166447598480103238e+02 1.229796731171456656e+02 1.255945858705700715e+02 1.201748725815842107e+02 1.196327714299054463e+02 1.194780314534852010e+02 1.133401958706618728e+02 1.250919661688951123e+02 1.079907403437905913e+02 1.105621996886820284e+02 1.269015366337224435e+02 1.386722755275905854e+02 1.217866987811066366e+02 1.299384469662462891e+02 1.146298390472567945e+02
1.086968260806174555e+02 1.194319890146689289e+02 1.099499886311954100e+02 1.072380529476360778e+02 1.052663288996058810e+02 9.914635646356350662e+01 7.673982017179868365e+01 7.420242583635659628e+01 9.793365100924197009e+01 1.058489489791939349e+02 1.252517464948094101e+02 1.209917352549338432e+02 8.628441342444185125e+01 9.018314698434514298e+01 1.147736903649960993e+02 1.240120961842029317e+02 1.173371211509810337e+02 1.067333125130106737e+02 1.047854951794378877e+02 1.052853266129710903e+02 9.908077512817509103e+01 1.223968953854631110e+02 1.249839989758689001e+02 1.166447598480103238e+02 0.000000000000000000e+00 9.499473669630333461e+01 9.795917517006765252e+01 1.285690475970013438e+02 1.276009404354058887e+02 1.286429166336024821e+02 6.429618962271403859e+01 9.170605214488300305e+01 1.191133913546247811e+02 1.214495780149111965e+02 1.174734012447073042e+02 1.310877568653915262e+02 8.274055837375041733e+01 9.981983770774223785e+01 6.880406964707829331e+01
1.154859298789250772e+02 1.244025723206718936e+02 1.160732527329186183e+02 1.141928193889615812e+02 1.121115515903691318e+02 1.124188596277332834e+02 9.697937925146767668e+01 9.456214887575261230e+01 1.031552228440227879e+02 1.128361644154922487e+02 1.287478155154486501e+02 1.256781603939204643e+02 9.669022701390250063e+01 9.947361459201128753e+01 1.214042832852284448e+02 1.291394595001852963e+02 1.233126108717190306e+02 1.130044246921331847e+02 1.117944542452799794e+02 1.087704003853989718e+02 1.041393297462586958e+02 1.268266533501534923e+02 1.294102005253063510e+02 1.229796731171456656e+02 9.499473669630333461e+01 0.000000000000000000e+00 1.013410084812658596e+02 1.331014650557986840e+02 1.312249976185939886e+02 1.322762261330432807e+02 8.920762299265685158e+01 1.054039847444108773e+02 1.240886779686204875e+02 1.264752940300990218e+02 1.224908159822604858e+02 1.343651740593521424e+02 1.008464178838296732e+02 1.129070414101795450e+02 9.218459741193210277e+01
1.186718163676616200e+02 1.267122724916572594e+02 1.189831920903116469e+02 1.162325255683623197e+02 1.151650988798255639e+02 1.144377560073597380e+02 9.984487968844472050e+01 9.794896630388704750e+01 1.070934171646418207e+02 1.156805947425928451e+02 1.307516730294492220e+02 1.282146637479504534e+02 1.006031808642251661e+02 1.034649699173589852e+02 1.239152936485242691e+02 1.302804666862995191e+02 1.258650070512054526e+02 1.148564321228898422e+02 1.142015761712595605e+02 1.109279045145990352e+02 1.067192578684840782e+02 1.289379695822762812e+02 1.314115672229808069e+02 1.255945858705700715e+02 9.795917517006765252e+01 1.013410084812658596e+02 0.000000000000000000e+00 1.338880129063091431e+02 1.331840831330831350e+02 1.338693392827498769e+02 9.344517108978932640e+01 1.079722186490580498e+02 1.269803134347998110e+02 1.290193783894497130e+02 1.243784547258889148e+02 1.348851363197591127e+02 1.042976509802593768e+02 1.150999565595052729e+02 9.644687656943588649e+01
1.249279792520474643e+02 1.308816259067712053e+02 1.286429166336024821e+02 1.272792206135785591e+02 1.260277747165282562e+02 1.367845020461016929e+02 1.292710331048684793e+02 1.295299193236836572e+02 1.287594656714604469e+02 1.292749008895384861e+02 1.337460279784039017e+02 1.315636727976229849e+02 1.311297067792039286e+02 1.321930406640228455e+02 1.309694620894504453e+02 1.356723995512720364e+02 1.318863146804853272e+02 1.272399308393398911e+02 1.272320714285513787e+02 1.343093444254717497e+02 1.330075185844770260e+02 1.251199424552297330e+02 1.268108828137396102e+02 1.201748725815842107e+02 1.285690475970013438e+02 1.331014650557986840e+02 1.338880129063091431e+02 0.000000000000000000e+00 1.256503083959605789e+02 1.251119498689074021e+02 1.266807009769049301e+02 1.333941527953905393e+02 1.185580026822314466e+02 1.205902151917807998e+02 1.350925608610629638e+02 1.417321417322125967e+02 1.315294643796590606e+02 1.358528615819335528e+02 1.276479533717638617e+02
1.246715685310808936e+02 1.299461426899621301e+02 1.280741972451906463e+02 1.260872713639247564e+02 1.245833054626501735e+02 1.358307770720612382e+02 1.288138191344391430e+02 1.279296681774794564e+02 1.288914271780710692e+02 1.282185633985968423e+02 1.346179779969971264e+02 1.318597740025365113e+02 1.301575967817476283e+02 1.306942997991878883e+02 1.291781715306421177e+02 1.338842783899588369e+02 1.309580085370879488e+02 1.263962024745996899e+02 1.263487237766966871e+02 1.346736796853787723e+02 1.319052690380486581e+02 1.232517748350911120e+02 1.252397700413091570e+02 1.196327714299054463e+02 1.276009404354058887e+02 1.312249976185939886e+02 1.331840831330831350e+02 1.256503083959605789e+02 0.000000000000000000e+00 1.250159989761310442e+02 1.253235811808775253e+02 1.327177456107509386e+02 1.167218916913189872e+02 1.194905854032023740e+02 1.338357201945728718e+02 1.416050846544713693e+02 1.306062785627092353e+02 1.349221998041834354e+02 1.261665565829550530e+02
1.254671271688325476e+02 1.309007257428315540e+02 1.287788802560419867e+02 1.272988609532701219e+02 1.258650070512054526e+02 1.366491858739011889e+02 1.293445012360401734e+02 1.291007358615743783e+02 1.293290377293513984e+02 1.291162267106656145e+02 1.343465667592588773e+02 1.323480260525256256e+02 1.310114498812985460e+02 1.312630945848832198e+02 1.301998463900783634e+02 1.351665639128257226e+02 1.317990895264455276e+02 1.269921257401418586e+02 1.272674349549011623e+02 1.350481395651195271e+02 1.324160111164809166e+02 1.240806189539687949e+02 1.254910355364079351e+02 1.194780314534852010e+02 1.286429166336024821e+02 1.322762261330432807e+02 1.338693392827498769e+02 1.251119498689074021e+02 1.250159989761310442e+02 0.000000000000000000e+00 1.260119041995636167e+02 1.328118970574548996e+02 1.184187485155961213e+02 1.197288603470357913e+02 1.346365477869957772e+02 1.421583623991216427e+02 1.317156027204066788e+02 1.357608190900452598e+02 1.270314921584407699e+02
1.039278595950094655e+02 1.156805947425928451e+02 1.051142235855833178e+02 1.025865488258572782e+02 1.003742994994236568e+02 9.499473669630333461e+01 6.825686778632608309e+01 6.477653896280658330e+01 9.182047701901792891e+01 1.005783276854412662e+02 1.219508097554091677e+02 1.181566756472100508e+02 7.924014134263012465e+01 8.423182296495784271e+01 1.101952812056850348e+02 1.210165277968261677e+02 1.127475055156432262e+02 1.022056749892098679e+02 1.003095209838029263e+02 1.002546757014354881e+02 9.376033276391461868e+01 1.190924011009938397e+02 1.221761024095956287e+02 1.133401958706618728e+02 6.429618962271403859e+01 8.920762299265685158e+01 9.344517108978932640e+01 1.266807009769049301e+02 1.253235811808775253e+02 1.260119041995636167e+02 0.000000000000000000e+00 8.613942186943211254e+01 1.155681617055493291e+02 1.181862936215532613e+02 1.144290172989351504e+02 1.304530566909031961e+02 7.610519036176178531e+01 9.563472172804185334e+01 5.854912467321778990e+01
1.176137747034759542e+02 1.252836781069266010e+02 1.183511723642820499e+02 1.155422000829134248e+02 1.146342008302932243e+02 1.085633455637767213e+02 9.184225606985054924e+01 8.983317872590282605e+01 1.082912738866802727e+02 1.155335449122894289e+02 1.295685146939641470e+02 1.271573827978540976e+02 1.004937809021035946e+02 1.028639878674747905e+02 1.224459064240205635e+02 1.294951736552370392e+02 1.250679815140549920e+02 1.150391237796950605e+02 1.141490254010081316e+02 1.117541945521509206e+02 1.085955800205514805e+02 1.287827628217379186e+02 1.309847319346800703e+02 1.250919661688951123e+02 9.170605214488300305e+01 1.054039847444108773e+02 1.079722186490580498e+02 1.333941527953905393e+02 1.327177456107509386e+02 1.328118970574548996e+02 8.613942186943211254e+01 0.000000000000000000e+00 1.265464341654872555e+02 1.278514763309364355e+02 1.240967364599085698e+02 1.348999629355026855e+02 9.819368615140180623e+01 1.108241850861083435e+02 8.944271909999159220e+01
1.140570032922134942e+02 1.234989878501034468e+02 1.194864008998513611e+02 1.168417733518282375e+02 1.148607853011636024e+02 1.311716432770436995e+02 1.200624837324299250e+02 1.189201412713590713e+02 1.200374941424553441e+02 1.186844555954991165e+02 1.285612694399055727e+02 1.248639259353957698e+02 1.218154341616857721e+02 1.236406082159093813e+02 1.208759694893902434e+02 1.290620006043606907e+02 1.230447073221761940e+02 1.183891886955899366e+02 1.176520293067654706e+02 1.283627671873740894e+02 1.256383699353028049e+02 1.146952483758590517e+02 1.166576186967657947e+02 1.079907403437905913e+02 1.191133913546247811e+02 1.240886779686204875e+02 1.269803134347998110e+02 1.185580026822314466e+02 1.167218916913189872e+02 1.184187485155961213e+02 1.155681617055493291e+02 1.265464341654872555e+02 0.000000000000000000e+00 1.050809211988551226e+02 1.280234353546256045e+02 1.392982411949267885e+02 1.231665539016173057e+02 1.307899078675415296e+02 1.171067888723792123e+02
1.169487067051192355e+02 1.245311206084647750e+02 1.206358155772986009e+02 1.194236157550088535e+02 1.178516016013359007e+02 1.324009063413087119e+02 1.225928219758400104e+02 1.217866987811066366e+02 1.215935853571231746e+02 1.211693030433038416e+02 1.298922630490361314e+02 1.264634334501479458e+02 1.235273249123447954e+02 1.248879497789918815e+02 1.225520297669524581e+02 1.306254186596161730e+02 1.246835995630540026e+02 1.200999583680194291e+02 1.201665510863984139e+02 1.305181979648815229e+02 1.269527471148222162e+02 1.166661904752186558e+02 1.180466009675839842e+02 1.105621996886820284e+02 1.214495780149111965e+02 1.264752940300990218e+02 1.290193783894497130e+02 1.205902151917807998e+02 1.194905854032023740e+02 1.197288603470357913e+02 1.181862936215532613e+02 1.278514763309364355e+02 1.050809211988551226e+02 0.000000000000000000e+00 1.295144779551691556e+02 1.403210604292883659e+02 1.261982567233002612e+02 1.322497637048928709e+02 1.193147099061972369e+02
1.189579757729594149e+02 1.269803134347998110e+02 1.172305420954795352e+02 1.151260179108093666e+02 1.132121901563608191e+02 1.286778924291193107e+02 1.188318139220301504e+02 1.180084742719776045e+02 1.166490462884287780e+02 1.028882889351358614e+02 1.308663440308469887e+02 1.286118190525272098e+02 1.208759694893902434e+02 1.219959015705035910e+02 1.242618203632958256e+02 1.312288078129188875e+02 1.267675037223656886e+02 1.166961867414698304e+02 1.164989270336855895e+02 1.258451429336865601e+02 1.228617108785320511e+02 1.299499903809153807e+02 1.311907008899640061e+02 1.269015366337224435e+02 1.174734012447073042e+02 1.224908159822604858e+02 1.243784547258889148e+02 1.350925608610629638e+02 1.338357201945728718e+02 1.346365477869957772e+02 1.144290172989351504e+02 1.240967364599085698e+02 1.280234353546256045e+02 1.295144779551691556e+02 0.000000000000000000e+00 1.140964504268209083e+02 1.216141439142668190e+02 1.274754878398196212e+02 1.159913789899921852e+02
1.336749789601629175e+02 1.368722031677725397e+02 1.314952470623938439e+02 1.306828221305309796e+02 1.300499903883118407e+02 1.368210510118965715e+02 1.328495389529071815e+02 1.323404700006766745e+02 1.316016717219048076e+02 1.220245876862528007e+02 1.395134402127623048e+02 1.380977914378068476e+02 1.351184665395518891e+02 1.350222203935337575e+02 1.378005805503010208e+02 1.402319507102429270e+02 1.390611376337760419e+02 1.307363759632337405e+02 1.295685146939641470e+02 1.361506518530117091e+02 1.341156217597338696e+02 1.397962803510880292e+02 1.412763249805146870e+02 1.386722755275905854e+02 1.310877568653915262e+02 1.343651740593521424e+02 1.348851363197591127e+02 1.417321417322125967e+02 1.416050846544713693e+02 1.421583623991216427e+02 1.304530566909031961e+02 1.348999629355026855e+02 1.392982411949267885e+02 1.403210604292883659e+02 1.140964504268209083e+02 0.000000000000000000e+00 1.342609399639374033e+02 1.360955546665650786e+02 1.311563951929146299e+02
1.148259552540278179e+02 1.232963908636420740e+02 1.157108465097373653e+02 1.130840395458174328e+02 1.113058848399310818e+02 1.052140675005010877e+02 8.606392972668631103e+01 8.439194274336857404e+01 1.047234453214751682e+02 1.118302284715541504e+02 1.278045382605797755e+02 1.251838647749780904e+02 9.450396817065407618e+01 9.696906723280368112e+01 1.200124993490261431e+02 1.272988609532701219e+02 1.222783709410621782e+02 1.117049685555660545e+02 1.110315270542560739e+02 1.098407938791412732e+02 1.045705503476002605e+02 1.255826421126741508e+02 1.287283962457390487e+02 1.217866987811066366e+02 8.274055837375041733e+01 1.008464178838296732e+02 1.042976509802593768e+02 1.315294643796590606e+02 1.306062785627092353e+02 1.317156027204066788e+02 7.610519036176178531e+01 9.819368615140180623e+01 1.231665539016173057e+02 1.261982567233002612e+02 1.216141439142668190e+02 1.342609399639374033e+02 0.000000000000000000e+00 1.034698023579826867e+02 7.941032678436728531e+01
1.246314567033539902e+02 1.301307035253402375e+02 1.246956294342347888e+02 1.228250788723540836e+02 1.214207560510146067e+02 1.131635983874673315e+02 1.018675610780978644e+02 1.014001972384669443e+02 1.162196196861786319e+02 1.228820572744450743e+02 1.333041634758644705e+02 1.316396596774695524e+02 1.089449402221140275e+02 1.113238518916768385e+02 1.288371064561758885e+02 1.332779051456016930e+02 1.300692123448127973e+02 1.215647975361288502e+02 1.215318888193547338e+02 1.184778460303866296e+02 1.158145068633459260e+02 1.325933633331623298e+02 1.338618691039386306e+02 1.299384469662462891e+02 9.981983770774223785e+01 1.129070414101795450e+02 1.150999565595052729e+02 1.358528615819335528e+02 1.349221998041834354e+02 1.357608190900452598e+02 9.563472172804185334e+01 1.108241850861083435e+02 1.307899078675415296e+02 1.322497637048928709e+02 1.274754878398196212e+02 1.360955546665650786e+02 1.034698023579826867e+02 0.000000000000000000e+00 9.810198774744577577e+01
1.056645635963164267e+02 1.168760026694958469e+02 1.072613630344123550e+02 1.045657687773584854e+02 1.022692524662227100e+02 9.664367542679654832e+01 7.238093671679028773e+01 6.975672010638115239e+01 9.376033276391461868e+01 1.028980077552524790e+02 1.236527395571970374e+02 1.192350619574628325e+02 8.220097323024830871e+01 8.680437776978762088e+01 1.117452459838896175e+02 1.219467096727090905e+02 1.142803570172932268e+02 1.041633332799982981e+02 1.023523326553918906e+02 1.018086440337950904e+02 9.593226777263215865e+01 1.202538980657176069e+02 1.235677951571525028e+02 1.146298390472567945e+02 6.880406964707829331e+01 9.218459741193210277e+01 9.644687656943588649e+01 1.276479533717638617e+02 1.261665565829550530e+02 1.270314921584407699e+02 5.854912467321778990e+01 8.944271909999159220e+01 1.171067888723792123e+02 1.193147099061972369e+02 1.159913789899921852e+02 1.311563951929146299e+02 7.941032678436728531e+01 9.810198774744577577e+01 0.000000000000000000e+00
